probs,label,prediction_label
"[0.00014960116823203862, 0.002293572062626481, 0.003095767693594098, 0.08916822820901871, 0.904763400554657, 0.0005294528091326356]",LINKE,LINKE
"[0.0005548833287321031, 0.5236285328865051, 0.021279048174619675, 0.09104930609464645, 0.0065782442688941956, 0.35690999031066895]",CDU/CSU,CDU/CSU
"[0.00028020903118886054, 0.9624954462051392, 0.0045127565972507, 0.00013540363579522818, 0.00020438950741663575, 0.032371778041124344]",CDU/CSU,CDU/CSU
"[0.0004709276545327157, 0.5803753733634949, 0.06574266403913498, 0.01109821442514658, 0.0003817313991021365, 0.3419311046600342]",SPD,CDU/CSU
"[0.00042130507063120604, 0.00022236477525439113, 0.00010868989920709282, 0.00013369084626901895, 0.9989653825759888, 0.0001485614775447175]",LINKE,LINKE
"[0.0010694244410842657, 0.04259224981069565, 0.010312157683074474, 0.028546342626214027, 0.002213687403127551, 0.9152660965919495]",SPD,SPD
"[0.004603463225066662, 0.6658477783203125, 0.05936760827898979, 0.03505184128880501, 0.0181727297604084, 0.21695652604103088]",CDU/CSU,CDU/CSU
"[0.00011796309263445437, 0.04734404385089874, 0.006382999941706657, 0.05668831616640091, 0.0003564975631888956, 0.8891102075576782]",SPD,SPD
"[0.0007825438515283167, 0.003281465033069253, 0.9929003715515137, 0.000880500883795321, 0.00045341564691625535, 0.0017016553319990635]",FDP,FDP
"[0.0002252076519653201, 0.9415680766105652, 0.0012026273179799318, 0.0008246123907156289, 0.0002629605878610164, 0.05591646954417229]",CDU/CSU,CDU/CSU
"[0.999060869216919, 0.0005291284760460258, 0.00019034558499697596, 6.226374534890056e-05, 7.264996384037659e-05, 8.477822120767087e-05]",AfD,AfD
"[0.00023548805620521307, 0.0064255353063344955, 0.005177424754947424, 0.816102921962738, 0.000629918125923723, 0.17142869532108307]",GRÜNE,GRÜNE
"[0.9774746894836426, 0.0018766536377370358, 0.0022044715005904436, 0.002284015528857708, 0.0158937256783247, 0.00026645042817108333]",AfD,AfD
"[0.9985679388046265, 0.00018042881856672466, 0.0002996953553520143, 0.00020922758267261088, 0.0005336751928552985, 0.00020893487089779228]",AfD,AfD
"[0.0006831996142864227, 0.8808972239494324, 0.021433891728520393, 0.00808626413345337, 0.0008084690198302269, 0.08809103816747665]",CDU/CSU,CDU/CSU
"[0.6580971479415894, 0.24799972772598267, 0.038150541484355927, 0.0023504020646214485, 0.04981901869177818, 0.00358322961255908]",CDU/CSU,AfD
"[0.000165145582286641, 0.915934145450592, 0.0036171614192426205, 0.0009065846679732203, 0.00027601461624726653, 0.07910094410181046]",CDU/CSU,CDU/CSU
"[0.00029986383742652833, 0.9789144992828369, 0.0023434823378920555, 0.00013621403195429593, 0.00011075961083406582, 0.018195124343037605]",CDU/CSU,CDU/CSU
"[0.005758046638220549, 0.20224100351333618, 0.2530072033405304, 0.39428138732910156, 0.014037358574569225, 0.13067500293254852]",GRÜNE,GRÜNE
"[0.00047122393152676523, 0.3378467857837677, 0.6430451273918152, 0.017053360119462013, 0.0007402132614515722, 0.0008433242328464985]",CDU/CSU,FDP
"[0.0028183399699628353, 0.12814198434352875, 0.7307150959968567, 0.09819027781486511, 0.0029266744386404753, 0.03720758110284805]",FDP,FDP
"[0.9993906021118164, 0.00011563605221454054, 0.00012357572268228978, 9.558522287989035e-05, 0.00022519163030665368, 4.9443890020484105e-05]",AfD,AfD
"[0.8587385416030884, 0.004875653423368931, 0.13303355872631073, 0.0023197445552796125, 0.000886518566403538, 0.0001459652412449941]",AfD,AfD
"[0.000301717926049605, 0.005103013943880796, 0.3537379503250122, 0.24234215915203094, 0.00042148030479438603, 0.39809367060661316]",GRÜNE,SPD
"[0.0002483724965713918, 0.35979363322257996, 0.04081377387046814, 0.02473611570894718, 0.0014211595989763737, 0.5729869604110718]",SPD,SPD
"[0.02028547413647175, 0.7146214246749878, 0.24715754389762878, 0.005986230913549662, 0.0010928133269771934, 0.0108565092086792]",SPD,CDU/CSU
"[0.0002847644791472703, 0.6244943737983704, 0.004987840540707111, 0.011879588477313519, 0.0015526387142017484, 0.35680076479911804]",CDU/CSU,CDU/CSU
"[0.04848712310194969, 0.6290915608406067, 0.27394646406173706, 0.003100347938016057, 0.0073137483559548855, 0.038060665130615234]",CDU/CSU,CDU/CSU
"[0.0014243616024032235, 0.6108981966972351, 0.010454862378537655, 0.01143614575266838, 0.0018928498029708862, 0.3638935387134552]",SPD,CDU/CSU
"[0.0003438813437242061, 0.42886146903038025, 0.02522970177233219, 0.038818832486867905, 0.018680648878216743, 0.4880654811859131]",SPD,SPD
"[0.00014352698053698987, 0.000131006192532368, 0.9985072016716003, 0.0003269599692430347, 0.00016170497110579163, 0.0007296075928024948]",FDP,FDP
"[0.000961531768552959, 0.0005030654137954116, 0.9798195362091064, 0.016648538410663605, 0.0017141017597168684, 0.0003532968112267554]",FDP,FDP
"[0.0005572537775151432, 0.01799709163606167, 0.00704861618578434, 0.2311759740114212, 0.0003623774100560695, 0.7428587079048157]",GRÜNE,SPD
"[9.826671885093674e-05, 0.014827409759163857, 0.010605947114527225, 0.008386049419641495, 0.00011506879673106596, 0.9659672379493713]",SPD,SPD
"[0.0003361889685038477, 0.00035885776742361486, 0.003896612673997879, 0.2978234589099884, 0.6955418586730957, 0.0020430642180144787]",LINKE,LINKE
"[0.9992709159851074, 0.0003033911343663931, 0.00020375546591822058, 4.454311419976875e-05, 0.00013981378288008273, 3.754060890059918e-05]",AfD,AfD
"[0.0021569966338574886, 0.0005493385251611471, 0.0010189381428062916, 0.0006345954607240856, 0.9955030679702759, 0.00013715015666093677]",LINKE,LINKE
"[9.730050805956125e-05, 0.0012124116765335202, 0.9946344494819641, 0.0017587398178875446, 0.00016041182971093804, 0.0021366137079894543]",FDP,FDP
"[0.04967552050948143, 0.5438180565834045, 0.3055875301361084, 0.07327305525541306, 0.007895566523075104, 0.019750332459807396]",GRÜNE,CDU/CSU
"[0.00010487363033462316, 0.002462526084855199, 0.9967532753944397, 0.0002649059460964054, 0.0001386490766890347, 0.0002757711336016655]",FDP,FDP
"[0.0012045910116285086, 0.649412214756012, 0.0115590188652277, 0.000747470767237246, 0.0008243346819654107, 0.3362523317337036]",CDU/CSU,CDU/CSU
"[0.000285257410723716, 0.42333951592445374, 0.16536960005760193, 0.23863892257213593, 0.15925976634025574, 0.013106932863593102]",CDU/CSU,CDU/CSU
"[0.009167365729808807, 0.24590995907783508, 0.4875865578651428, 0.2352212369441986, 0.005689934361726046, 0.01642492040991783]",FDP,FDP
"[0.0012920497683808208, 0.0003880361618939787, 0.02068394236266613, 0.006514687091112137, 0.9698850512504578, 0.001236267969943583]",LINKE,LINKE
"[0.0003089595411438495, 0.9783679842948914, 0.00047729825018905103, 0.0007499339408241212, 0.00021903449669480324, 0.01987682469189167]",CDU/CSU,CDU/CSU
"[0.0014270670944824815, 0.9452028274536133, 0.002897956408560276, 0.0007217071834020317, 0.0004559298977255821, 0.049294549971818924]",CDU/CSU,CDU/CSU
"[0.00037920381873846054, 0.6086101531982422, 0.2960341274738312, 0.002533831400796771, 0.000196728331502527, 0.09224601835012436]",SPD,CDU/CSU
"[0.0003417469561100006, 0.9856769442558289, 0.009676908142864704, 0.002389894099906087, 0.000389933557016775, 0.0015246327966451645]",CDU/CSU,CDU/CSU
"[0.0008831401355564594, 0.11203870922327042, 0.0005595264956355095, 0.5239890217781067, 0.021813005208969116, 0.3407166004180908]",GRÜNE,GRÜNE
"[0.002281267661601305, 0.0001852553541539237, 0.00010250404011458158, 0.0003740592219401151, 0.9967182278633118, 0.0003386304306332022]",LINKE,LINKE
"[0.00048411948955617845, 0.007936800830066204, 0.026560606434941292, 0.22676537930965424, 0.00020752317504957318, 0.7380455136299133]",SPD,SPD
"[0.00993594340980053, 0.47574353218078613, 0.033191464841365814, 0.2590661942958832, 0.17757251858711243, 0.04449038952589035]",LINKE,CDU/CSU
"[0.00017478325753472745, 0.0007452216814272106, 0.0009443983435630798, 0.696242094039917, 0.30160021781921387, 0.0002932671341113746]",GRÜNE,GRÜNE
"[0.0007850562687963247, 0.4359872341156006, 0.21771883964538574, 0.08262936770915985, 0.00044370268005877733, 0.2624358534812927]",FDP,CDU/CSU
"[0.742845356464386, 0.05225656181573868, 0.1817454695701599, 0.005185528192669153, 0.01770652085542679, 0.000260532193351537]",AfD,AfD
"[0.00012783589772880077, 0.0005158385029062629, 0.9786204695701599, 0.0012552121188491583, 0.0004215510853100568, 0.019059142097830772]",FDP,FDP
"[0.00031479017343372107, 0.004087335895746946, 0.0007479666965082288, 0.35290271043777466, 0.6345887184143066, 0.007358517963439226]",LINKE,LINKE
"[0.0003718900843523443, 0.5910762548446655, 0.06316028535366058, 0.07868947088718414, 0.0013654285576194525, 0.26533669233322144]",CDU/CSU,CDU/CSU
"[0.0003159268817398697, 0.0036394959315657616, 0.4264450967311859, 0.0477755032479763, 0.00018603065109346062, 0.521638035774231]",SPD,SPD
"[0.0012566192308440804, 0.015156022273004055, 0.0013469234108924866, 0.3267628848552704, 0.6251245737075806, 0.030352972447872162]",LINKE,LINKE
"[0.0007038986659608781, 0.7003603577613831, 0.1283697485923767, 0.00029681503656320274, 0.0009465457405894995, 0.16932259500026703]",CDU/CSU,CDU/CSU
"[0.00040385464671999216, 0.003636518493294716, 0.08436423540115356, 0.8581997752189636, 0.009162508882582188, 0.04423315450549126]",GRÜNE,GRÜNE
"[0.00041670422069728374, 0.12553967535495758, 0.8601534962654114, 0.005828989204019308, 0.0002901004918385297, 0.007770989555865526]",FDP,FDP
"[0.0002608664508443326, 0.9973951578140259, 0.0008355603786185384, 0.00034042770857922733, 0.0001630290353205055, 0.001004977966658771]",CDU/CSU,CDU/CSU
"[0.000468338665086776, 0.02411481738090515, 0.5766858458518982, 0.019780371338129044, 0.0004947431734763086, 0.37845587730407715]",SPD,FDP
"[0.9976326823234558, 0.0006012071971781552, 0.0005659650778397918, 0.00014549840125255287, 0.0009372417698614299, 0.00011737828754121438]",AfD,AfD
"[0.00020557430980261415, 0.02615818940103054, 0.003025662386789918, 0.5346346497535706, 0.0014722667401656508, 0.4345037639141083]",SPD,GRÜNE
"[0.700592041015625, 0.0012871167855337262, 0.004111378453671932, 0.0017551961354911327, 0.292039692401886, 0.0002146431797882542]",AfD,AfD
"[0.00031730940099805593, 0.342924565076828, 0.0648132860660553, 0.013638933189213276, 0.004222255200147629, 0.574083685874939]",FDP,SPD
"[0.00026995150255970657, 0.00016482159844599664, 0.00020952385966666043, 0.005921807140111923, 0.9929894208908081, 0.0004445049853529781]",LINKE,LINKE
"[0.00035316371941007674, 0.005225795786827803, 0.5656210780143738, 0.17030155658721924, 0.00034365628380328417, 0.2581547796726227]",FDP,FDP
"[0.0004227973986417055, 0.37519845366477966, 0.020026754587888718, 0.012602991424500942, 0.00039989102515392005, 0.5913491249084473]",CDU/CSU,SPD
"[0.9990041255950928, 0.00016305573808494955, 0.00021013284276705235, 0.0002664243511389941, 0.00020358887559268624, 0.00015270661970134825]",AfD,AfD
"[0.45425286889076233, 0.0055182636715471745, 0.006232792977243662, 0.00939484778791666, 0.5239143967628479, 0.0006867267657071352]",AfD,LINKE
"[0.8682557940483093, 0.10613221675157547, 0.01293428149074316, 0.0005804328247904778, 0.007764835376292467, 0.004332443233579397]",AfD,AfD
"[0.9990628957748413, 0.0005253799026831985, 0.00023740717733744532, 6.286962889134884e-05, 6.497383583337069e-05, 4.647461901186034e-05]",AfD,AfD
"[0.0003934037231374532, 0.7950533628463745, 0.1170257106423378, 0.021687252447009087, 0.0013386886566877365, 0.06450162827968597]",CDU/CSU,CDU/CSU
"[0.000330581096932292, 0.2012789398431778, 0.0302289966493845, 0.057495955377817154, 0.005119779147207737, 0.7055457234382629]",SPD,SPD
"[0.0005235549760982394, 0.2253098040819168, 0.08817949891090393, 0.0251877773553133, 0.0041519645601511, 0.6566473841667175]",SPD,SPD
"[0.9965091347694397, 0.0003387278993614018, 0.00013453942665364593, 8.402835373999551e-05, 0.002873772056773305, 5.981823051115498e-05]",AfD,AfD
"[9.322892583440989e-05, 0.050409719347953796, 0.0027084634639322758, 0.015111956745386124, 0.0032280199229717255, 0.9284485578536987]",SPD,SPD
"[0.6986827254295349, 0.07223352789878845, 0.008584299124777317, 0.08885393291711807, 0.12672749161720276, 0.004918026737868786]",AfD,AfD
"[0.0004142122925259173, 0.0012684098910540342, 0.002117972355335951, 0.2513449788093567, 0.7445380091667175, 0.0003163494111504406]",GRÜNE,LINKE
"[0.9981471300125122, 0.000901435618288815, 0.0006390263442881405, 0.00010328821372240782, 8.826455450616777e-05, 0.00012086189963156357]",AfD,AfD
"[0.0002316809695912525, 0.0009539580787532032, 0.02328215166926384, 0.9472438097000122, 0.00482184300199151, 0.023466603830456734]",GRÜNE,GRÜNE
"[0.0004730938235297799, 0.12647654116153717, 0.021388640627264977, 0.01850692369043827, 0.0014393269084393978, 0.8317155241966248]",SPD,SPD
"[0.003080100053921342, 0.18180322647094727, 0.029291242361068726, 0.09828002005815506, 0.005419069901108742, 0.6821263432502747]",GRÜNE,SPD
"[0.00033695893944241107, 0.017199091613292694, 0.022421615198254585, 0.28619229793548584, 0.0010544644901528955, 0.6727955341339111]",SPD,SPD
"[0.0002675504074431956, 0.9923069477081299, 0.0052321297116577625, 0.001578225288540125, 0.00023619658895768225, 0.0003789616166613996]",CDU/CSU,CDU/CSU
"[0.9979648590087891, 0.00034615828189998865, 0.0002759021590463817, 0.000196282344404608, 0.0011233969125896692, 9.339713142253458e-05]",AfD,AfD
"[0.0013282123254612088, 0.04934500530362129, 0.0006706793210469186, 0.10198407620191574, 0.5188874006271362, 0.32778462767601013]",LINKE,LINKE
"[0.9946012496948242, 0.0007334964466281235, 0.00014400327927432954, 0.0008670859970152378, 0.0030273038428276777, 0.0006269040168263018]",AfD,AfD
"[0.00012171560956630856, 0.043352097272872925, 0.0004490218125283718, 0.0017627847846597433, 0.0005748870316892862, 0.9537394046783447]",SPD,SPD
"[0.0007036948809400201, 0.00045591441448777914, 0.0026816974859684706, 0.009862441569566727, 0.9844999313354492, 0.0017963715363293886]",LINKE,LINKE
"[0.002183950040489435, 0.20201155543327332, 0.0466582328081131, 0.3343798518180847, 0.05906551703810692, 0.35570091009140015]",LINKE,SPD
"[0.00022770337818656117, 0.015396997332572937, 0.0011123664444312453, 0.012832097709178925, 0.002353161806240678, 0.9680776596069336]",SPD,SPD
"[0.3303973376750946, 0.0043234494514763355, 0.01193670928478241, 0.007722942624241114, 0.6443362832069397, 0.001283301506191492]",LINKE,LINKE
"[0.9984142184257507, 0.0007831837865523994, 0.0005975140375085175, 6.47943961666897e-05, 4.15641552535817e-05, 9.881492587737739e-05]",AfD,AfD
"[0.00014322606148198247, 0.007538147736340761, 0.0034382923040539026, 0.3647371530532837, 0.0017245038179680705, 0.6224187016487122]",SPD,SPD
"[0.000510333979036659, 0.0023638925049453974, 0.010172375477850437, 0.6460906267166138, 0.0002468101738486439, 0.34061598777770996]",GRÜNE,GRÜNE
"[0.0006419405690394342, 0.5294364094734192, 0.03271349146962166, 0.022702349349856377, 0.0005527361063286662, 0.41395309567451477]",CDU/CSU,CDU/CSU
"[0.0010162986582145095, 0.27618399262428284, 0.560269296169281, 0.13601385056972504, 0.003227988025173545, 0.023288602009415627]",FDP,FDP
"[0.00795556977391243, 0.032840654253959656, 0.1722951978445053, 0.07463423162698746, 0.696699857711792, 0.015574433840811253]",AfD,LINKE
"[0.0005885789287276566, 0.0012372243218123913, 0.5345573425292969, 0.007463929709047079, 0.00015895675460342318, 0.45599398016929626]",SPD,FDP
"[0.0005177450366318226, 0.1716155856847763, 0.028753450140357018, 0.14800916612148285, 0.07613669335842133, 0.5749673843383789]",SPD,SPD
"[0.0002359428908675909, 0.1519479900598526, 0.003143196925520897, 0.001427493873052299, 0.0006448276108130813, 0.8426005840301514]",SPD,SPD
"[7.548104622401297e-05, 0.006899791304022074, 0.011469767428934574, 0.06301472336053848, 9.173071157420054e-05, 0.9184485673904419]",SPD,SPD
"[0.0012859448324888945, 0.913105309009552, 0.0027516100089997053, 0.0011035386705771089, 0.002112286863848567, 0.07964122295379639]",CDU/CSU,CDU/CSU
"[0.0007998459041118622, 0.7622110247612, 0.007209318224340677, 0.008849297650158405, 0.0017063127597793937, 0.219224214553833]",CDU/CSU,CDU/CSU
"[0.00034979410702362657, 0.8274678587913513, 0.09538250416517258, 0.0028701769188046455, 0.00018560777243692428, 0.0737440437078476]",CDU/CSU,CDU/CSU
"[0.030004296451807022, 0.9261423945426941, 0.011790080927312374, 0.0005603866884484887, 0.030685845762491226, 0.0008169519132934511]",LINKE,CDU/CSU
"[0.001732709351927042, 0.7940773367881775, 0.0761847123503685, 0.020411252975463867, 0.011739891953766346, 0.09585413336753845]",CDU/CSU,CDU/CSU
"[0.00030974167748354375, 0.0008232727996073663, 0.16717678308486938, 0.0623462088406086, 0.000254934566328302, 0.7690889835357666]",SPD,SPD
"[0.008462218567728996, 0.7894816398620605, 0.026306696236133575, 0.019450480118393898, 0.00030313016031868756, 0.15599581599235535]",CDU/CSU,CDU/CSU
"[0.00020624355238396674, 0.0006588214891962707, 5.940423216088675e-05, 0.004999898839741945, 0.9899047017097473, 0.004170957487076521]",LINKE,LINKE
"[0.001141763641498983, 0.8406603336334229, 0.024796193465590477, 0.021324316039681435, 0.0034283462446182966, 0.10864906758069992]",CDU/CSU,CDU/CSU
"[0.9964640736579895, 0.0004947296692989767, 0.0027734702453017235, 5.68186842428986e-05, 0.00014871747407596558, 6.216531619429588e-05]",AfD,AfD
"[0.00048513090587221086, 0.2358059138059616, 0.7247622013092041, 0.005342159885913134, 0.0005043561104685068, 0.0331001877784729]",FDP,FDP
"[0.00023189229250419885, 0.01579826883971691, 0.20030038058757782, 0.1163787841796875, 0.0005319424672052264, 0.6667587757110596]",SPD,SPD
"[0.0003985879884567112, 0.46996545791625977, 0.01058181282132864, 0.15374107658863068, 0.0006182289798744023, 0.364694744348526]",CDU/CSU,CDU/CSU
"[0.0005509451730176806, 0.3093811273574829, 0.3112841248512268, 0.04163424298167229, 0.0004979538498446345, 0.3366515636444092]",SPD,SPD
"[0.00643625995144248, 0.33524495363235474, 0.4276409149169922, 0.18592728674411774, 0.042121317237615585, 0.002629264025017619]",GRÜNE,FDP
"[0.0005497316014952958, 0.9433838725090027, 0.002273461315780878, 0.0005286151426844299, 0.0002218259178334847, 0.05304250493645668]",CDU/CSU,CDU/CSU
"[0.00043042594916187227, 0.8829906582832336, 0.0004151694884058088, 0.0021989159286022186, 0.0003204526146873832, 0.11364441365003586]",CDU/CSU,CDU/CSU
"[0.01484476588666439, 0.10898971557617188, 0.6338341236114502, 0.21624520421028137, 0.019805459305644035, 0.006280733272433281]",GRÜNE,FDP
"[0.0011404884280636907, 0.31237614154815674, 0.5972490310668945, 0.05177731066942215, 0.0032396488822996616, 0.03421740606427193]",CDU/CSU,FDP
"[0.9993281364440918, 0.00037905515637248755, 0.00011889559391420335, 4.0614519093651325e-05, 8.074214565567672e-05, 5.25134164490737e-05]",AfD,AfD
"[0.9343982338905334, 0.0030181650072336197, 0.048062101006507874, 0.0052885268814861774, 0.0066126082092523575, 0.0026203247252851725]",AfD,AfD
"[0.0018677781336009502, 0.08059189468622208, 0.6941710710525513, 0.037233609706163406, 0.014520056545734406, 0.17161567509174347]",FDP,FDP
"[0.0002588204515632242, 0.3263795077800751, 0.16205836832523346, 0.08506926149129868, 0.0006701938109472394, 0.42556384205818176]",SPD,SPD
"[0.00031568753183819354, 0.0008276632870547473, 0.05105011165142059, 0.8518204092979431, 0.00044334252015687525, 0.09554282575845718]",GRÜNE,GRÜNE
"[0.0008283846545964479, 0.2632369101047516, 0.42878660559654236, 0.25279122591018677, 0.0026804995723068714, 0.05167638882994652]",GRÜNE,FDP
"[0.9795452356338501, 0.0027469187043607235, 0.01128468755632639, 0.0016119752544909716, 0.004367094021290541, 0.0004441281489562243]",AfD,AfD
"[0.00025796660338528454, 0.0018414115766063333, 0.8720734119415283, 0.01916431449353695, 0.0002502713759895414, 0.1064126268029213]",SPD,FDP
"[0.9993411302566528, 0.00031691492768004537, 0.0001294079702347517, 6.325915455818176e-05, 7.399299647659063e-05, 7.527360139647499e-05]",AfD,AfD
"[0.00014557430404238403, 0.004856939893215895, 0.0013654346112161875, 0.10375814884901047, 0.00025721886777319014, 0.8896167278289795]",SPD,SPD
"[0.004852441139519215, 0.03548315912485123, 0.03910607099533081, 0.16375771164894104, 0.003011668799445033, 0.753788948059082]",SPD,SPD
"[0.0017195334658026695, 0.012331272475421429, 0.45184192061424255, 0.02873394452035427, 0.0016320687718689442, 0.5037412643432617]",FDP,SPD
"[0.9801106452941895, 0.012772180140018463, 0.0009824791923165321, 0.0036916194949299097, 0.0013511801371350884, 0.0010919638443738222]",AfD,AfD
"[0.0004606607835739851, 0.2123330682516098, 0.76173335313797, 0.019228853285312653, 0.0009092556429095566, 0.0053348056972026825]",FDP,FDP
"[0.00020730996038764715, 0.7996281981468201, 0.009935143403708935, 0.0014181053265929222, 0.0003205019747838378, 0.18849079310894012]",SPD,CDU/CSU
"[0.00032512497273273766, 0.9895187020301819, 0.0030577622819691896, 0.0002693493734113872, 0.00017149263294413686, 0.00665754871442914]",CDU/CSU,CDU/CSU
"[0.00024937023408710957, 0.002248075557872653, 0.0032517334911972284, 0.8647249937057495, 0.0004224800504744053, 0.12910328805446625]",GRÜNE,GRÜNE
"[0.0002783130912575871, 0.001735496916808188, 0.0006175523158162832, 0.10138580948114395, 0.00039669001125730574, 0.8955860733985901]",SPD,SPD
"[0.9988471865653992, 0.00021110342640895396, 0.00020131160272285342, 9.225458052242175e-05, 0.0005067198071628809, 0.00014147641195449978]",AfD,AfD
"[0.0008060151594690979, 0.09108331054449081, 0.5252650380134583, 0.2755589187145233, 0.0025331226643174887, 0.10475357621908188]",FDP,FDP
"[0.00041890807915478945, 0.08339262008666992, 0.08318670094013214, 0.6063321828842163, 0.16188053786754608, 0.06478901207447052]",GRÜNE,GRÜNE
"[0.0002084143488900736, 0.6999468803405762, 0.1897839456796646, 0.011552109383046627, 0.0016086663817986846, 0.09690005332231522]",CDU/CSU,CDU/CSU
"[0.0002140150172635913, 0.27192872762680054, 0.0029036549385637045, 0.319376140832901, 0.00027944036992266774, 0.40529802441596985]",CDU/CSU,SPD
"[0.0006374394288286567, 0.9696386456489563, 0.0038919791113585234, 0.00735078239813447, 0.0003289248270448297, 0.018152154982089996]",CDU/CSU,CDU/CSU
"[0.28889405727386475, 0.16488982737064362, 0.03216813877224922, 0.003929071128368378, 0.5067549347877502, 0.0033639222383499146]",LINKE,LINKE
"[0.4750371277332306, 0.46855291724205017, 0.030717849731445312, 0.0021693981252610683, 0.00633131992071867, 0.017191480845212936]",SPD,AfD
"[0.00011210597585886717, 0.0004657050594687462, 0.9987032413482666, 0.00030346165294758976, 0.00013499734632205218, 0.00028049375396221876]",FDP,FDP
"[0.0006416316609829664, 0.003601810894906521, 0.001471984083764255, 0.46586859226226807, 0.0007655197405256331, 0.5276504755020142]",GRÜNE,SPD
"[0.9834116101264954, 0.014450760558247566, 0.0002187948120990768, 0.0001420333719579503, 0.0016687836032360792, 0.00010802668111864477]",AfD,AfD
"[0.0002810914593283087, 0.15150006115436554, 0.002867693081498146, 0.12418494373559952, 0.0008933725184760988, 0.7202728390693665]",SPD,SPD
"[0.0003509774396661669, 0.004977304954081774, 0.0026373101864010096, 0.7681023478507996, 0.0003430024953559041, 0.22358906269073486]",GRÜNE,GRÜNE
"[0.0002421252866042778, 0.9524211883544922, 0.009555964730679989, 0.0012565493816509843, 9.355127258459106e-05, 0.03643065318465233]",CDU/CSU,CDU/CSU
"[0.018681667745113373, 0.5145736336708069, 0.0022605410777032375, 0.006020055618137121, 0.4532235264778137, 0.005240540020167828]",LINKE,CDU/CSU
"[0.0005899097304791212, 0.9836408495903015, 0.0029509307350963354, 0.0014362739166244864, 0.002648881869390607, 0.008733191527426243]",CDU/CSU,CDU/CSU
"[0.9993546605110168, 0.00035275102709420025, 0.0001001339842332527, 5.244932617642917e-05, 7.936047768453136e-05, 6.064336412237026e-05]",AfD,AfD
"[0.0016650368925184011, 0.5726012587547302, 0.33290982246398926, 0.002126786159351468, 0.0004785398195963353, 0.09021856635808945]",FDP,CDU/CSU
"[0.00043893352267332375, 0.7443796396255493, 0.017176417633891106, 0.011296574026346207, 0.003110528690740466, 0.22359797358512878]",SPD,CDU/CSU
"[0.0018482075538486242, 0.9182910323143005, 0.04417099058628082, 0.00034777072141878307, 0.0006979521713219583, 0.034644030034542084]",CDU/CSU,CDU/CSU
"[0.0006839091656729579, 0.9945613145828247, 0.0003455370315350592, 0.000805525342002511, 0.002951245289295912, 0.0006524969357997179]",CDU/CSU,CDU/CSU
"[0.008873902261257172, 0.8579451441764832, 0.07809211313724518, 0.0008624230395071208, 0.0008728474495001137, 0.05335351079702377]",CDU/CSU,CDU/CSU
"[0.00036167586222290993, 0.003739394247531891, 0.2432803511619568, 0.2318611592054367, 0.00042487308382987976, 0.5203325152397156]",SPD,SPD
"[0.003226878121495247, 0.8532113432884216, 0.016587745398283005, 0.0007571044843643904, 0.001208307920023799, 0.12500861287117004]",CDU/CSU,CDU/CSU
"[0.19619131088256836, 0.4857419431209564, 0.1538020223379135, 0.05238976329565048, 0.09881088882684708, 0.013064077123999596]",CDU/CSU,CDU/CSU
"[0.5350350141525269, 0.1897115558385849, 0.1916216015815735, 0.034088462591171265, 0.023271135985851288, 0.026272282004356384]",AfD,AfD
"[0.15238863229751587, 0.48952049016952515, 0.0341939702630043, 0.014869106002151966, 0.3048419654369354, 0.004185840487480164]",AfD,CDU/CSU
"[0.0004181289114058018, 0.002112757647410035, 0.35251584649086, 0.4316936433315277, 0.20508384704589844, 0.008175765164196491]",FDP,GRÜNE
"[0.003346731886267662, 0.015820004045963287, 0.7212080955505371, 0.25143781304359436, 0.004901197738945484, 0.003286221530288458]",GRÜNE,FDP
"[0.00017172968364320695, 0.002022284083068371, 0.0030360224191099405, 0.6002286672592163, 0.0008544310694560409, 0.3936868906021118]",GRÜNE,GRÜNE
"[0.00011370361607987434, 0.0034384941682219505, 0.0006868634955026209, 0.03616323322057724, 0.0008221132447943091, 0.9587756395339966]",SPD,SPD
"[0.0008053870406001806, 0.017356013879179955, 0.3857136368751526, 0.3185569643974304, 0.00018415898375678807, 0.27738386392593384]",SPD,FDP
"[0.00046006322372704744, 0.9352006912231445, 0.026986679062247276, 0.0007695173262618482, 0.0010282027069479227, 0.03555487468838692]",CDU/CSU,CDU/CSU
"[0.39808428287506104, 0.0016916870372369885, 0.0010545034892857075, 0.0015799084212630987, 0.5964292287826538, 0.0011604096507653594]",AfD,LINKE
"[0.7841713428497314, 0.0068185701966285706, 0.027213167399168015, 0.004819221794605255, 0.16852489113807678, 0.008452857844531536]",AfD,AfD
"[0.00016509377746842802, 0.0004375202988740057, 0.001410954399034381, 0.9051796793937683, 0.0003367713943589479, 0.09246992319822311]",GRÜNE,GRÜNE
"[0.0007563342805951834, 0.000546909577678889, 0.004412554670125246, 0.6253674030303955, 0.00034754755324684083, 0.3685692250728607]",GRÜNE,GRÜNE
"[0.0002737042086664587, 0.0032790766563266516, 0.011814470402896404, 0.0013518555788323283, 0.00020119943656027317, 0.983079731464386]",SPD,SPD
"[0.00042018917156383395, 0.9673756957054138, 0.001845807651989162, 0.024996137246489525, 0.0023134455550462008, 0.003048705868422985]",CDU/CSU,CDU/CSU
"[0.0014979636762291193, 0.07331253588199615, 0.799034059047699, 0.09035226702690125, 0.027341442182660103, 0.008461715653538704]",GRÜNE,FDP
"[0.0006199358031153679, 0.019589342176914215, 0.0005365096731111407, 0.8695313334465027, 0.006478832568973303, 0.10324399173259735]",GRÜNE,GRÜNE
"[0.001112150028347969, 0.1941087692975998, 0.05908849835395813, 0.31028246879577637, 0.0004406257066875696, 0.4349675178527832]",SPD,SPD
"[0.0003345478908158839, 0.0004351835523266345, 0.00016734987730160356, 0.0028680521063506603, 0.996099591255188, 9.524060442345217e-05]",LINKE,LINKE
"[9.198752377415076e-05, 0.044135432690382004, 0.018329942598938942, 0.6956130862236023, 0.0010057303588837385, 0.2408239245414734]",SPD,GRÜNE
"[0.0011704862117767334, 0.08245301246643066, 0.3422718048095703, 0.05303000286221504, 0.06132115051150322, 0.45975354313850403]",SPD,SPD
"[0.0002165235491702333, 0.997564971446991, 0.0007702005095779896, 0.00013058162585366517, 0.0003421955043449998, 0.0009755592327564955]",CDU/CSU,CDU/CSU
"[0.0010968184797093272, 0.7851870059967041, 0.20358096063137054, 0.00564668420702219, 0.00032792292768135667, 0.004160657525062561]",CDU/CSU,CDU/CSU
"[0.00016488607798237354, 0.0006938469014130533, 0.998729407787323, 0.00014297597226686776, 0.00012075110134901479, 0.0001480918872402981]",FDP,FDP
"[0.00038138017407618463, 0.04336730018258095, 0.03136146068572998, 0.06389839202165604, 0.00047818213352002203, 0.8605133891105652]",SPD,SPD
"[0.001972092082723975, 0.6912282109260559, 0.035420071333646774, 0.25379249453544617, 0.014568343758583069, 0.0030188506934791803]",GRÜNE,CDU/CSU
"[0.00010546391422394663, 0.00047014118172228336, 0.9987515211105347, 0.00014903221745043993, 0.00010084040695801377, 0.00042300374479964375]",FDP,FDP
"[0.0004962062230333686, 0.6895355582237244, 0.0018763705156743526, 0.2984122931957245, 0.002292770193889737, 0.0073868283070623875]",CDU/CSU,CDU/CSU
"[0.00031753932125866413, 0.06216369569301605, 0.8612223267555237, 0.007941123098134995, 0.0005784821696579456, 0.06777677685022354]",CDU/CSU,FDP
"[6.318029772955924e-05, 0.04516393318772316, 0.006048510316759348, 0.009461388923227787, 0.0002885251014959067, 0.9389745593070984]",SPD,SPD
"[0.00035093212500214577, 0.4415602684020996, 0.11996054649353027, 0.015291298739612103, 0.00029509011073969305, 0.42254185676574707]",SPD,CDU/CSU
"[0.0005790092400275171, 0.038206081837415695, 0.012856177054345608, 0.8737427592277527, 0.008403945714235306, 0.06621203571557999]",GRÜNE,GRÜNE
"[0.140949547290802, 0.15971216559410095, 0.46575450897216797, 0.036011889576911926, 0.19025780260562897, 0.007314126472920179]",AfD,FDP
"[0.0019318124977871776, 0.0048785763792693615, 0.34873881936073303, 0.2255147099494934, 0.0009466528426855803, 0.4179894030094147]",SPD,SPD
"[0.9993624091148376, 0.00018227157124783844, 0.0002602011081762612, 3.717565050465055e-05, 0.00010926531831501052, 4.867595635005273e-05]",AfD,AfD
"[0.9984557032585144, 0.000806045311037451, 0.00022605904086958617, 8.746350795263425e-05, 0.0003451002121437341, 7.972666207933798e-05]",AfD,AfD
"[0.0004690637288149446, 0.7436286807060242, 0.25081682205200195, 0.0018693046877160668, 0.0006041151937097311, 0.0026120624970644712]",CDU/CSU,CDU/CSU
"[6.636828038608655e-05, 0.021852945908904076, 0.0015662231016904116, 0.005309316795319319, 0.00040210841689258814, 0.9708030223846436]",SPD,SPD
"[0.10630804300308228, 0.17839489877223969, 0.255619078874588, 0.13222797214984894, 0.003018939634785056, 0.32443106174468994]",SPD,SPD
"[0.9966000914573669, 0.0018820868572220206, 0.0008542388677597046, 7.264872692758217e-05, 0.0001847487292252481, 0.00040614185854792595]",AfD,AfD
"[0.9979952573776245, 0.0006395216914825141, 0.0011276141740381718, 5.944123040535487e-05, 8.871054888004437e-05, 8.940631232690066e-05]",AfD,AfD
"[0.0007481626234948635, 0.08450494706630707, 0.7700197696685791, 0.03900134190917015, 0.000329616479575634, 0.1053960919380188]",FDP,FDP
"[0.00031676000799052417, 0.006156733259558678, 0.012777137570083141, 0.6801030039787292, 0.00023584847804158926, 0.30041053891181946]",GRÜNE,GRÜNE
"[0.027411948889493942, 0.4099590480327606, 0.11532413214445114, 0.15560290217399597, 0.008838729932904243, 0.28286322951316833]",GRÜNE,CDU/CSU
"[0.0001719885622151196, 0.017729923129081726, 0.013789682649075985, 0.5987557768821716, 0.0013078517513349652, 0.3682447373867035]",SPD,GRÜNE
"[0.0004167855659034103, 0.28642702102661133, 0.6286725401878357, 0.0043101077899336815, 0.0004459905903786421, 0.07972751557826996]",FDP,FDP
"[0.007283300161361694, 0.004003279376775026, 0.6026608347892761, 0.3519286811351776, 0.005794014781713486, 0.02832997590303421]",GRÜNE,FDP
"[0.0003661485679913312, 0.28663715720176697, 0.0017798823537304997, 0.7008103728294373, 0.004224942531436682, 0.0061814975924789906]",GRÜNE,GRÜNE
"[0.003229709342122078, 0.00020109555043745786, 0.00033187447115778923, 0.000991762150079012, 0.9951175451278687, 0.00012794900976587087]",LINKE,LINKE
"[0.001955304527655244, 0.5977178812026978, 0.04024052247405052, 0.001880529336631298, 0.34306612610816956, 0.015139620751142502]",CDU/CSU,CDU/CSU
"[0.0006818449473939836, 0.3045012056827545, 0.6018169522285461, 0.0038060105871409178, 0.00021957432909402996, 0.08897437900304794]",FDP,FDP
"[0.0003230625297874212, 0.3471194803714752, 0.04029411822557449, 0.5809525847434998, 0.00974170584231615, 0.021568993106484413]",GRÜNE,GRÜNE
"[0.0006985173095017672, 0.7304412126541138, 0.009247004985809326, 0.00985434465110302, 0.13390028476715088, 0.11585859209299088]",CDU/CSU,CDU/CSU
"[0.00027216976741328835, 0.7305185198783875, 0.023900583386421204, 0.009903385303914547, 0.0003850316861644387, 0.23502033948898315]",SPD,CDU/CSU
"[0.9990987777709961, 0.0003041234740521759, 0.000364605599315837, 6.37707780697383e-05, 0.00010961946099996567, 5.909202809561975e-05]",AfD,AfD
"[0.0005530939088203013, 0.003453335724771023, 0.0002542432921472937, 0.08792009204626083, 0.8500418663024902, 0.05777733027935028]",LINKE,LINKE
"[0.0014164720196276903, 0.01859109103679657, 0.15784795582294464, 0.3811580240726471, 0.000653550960123539, 0.44033297896385193]",GRÜNE,SPD
"[0.44152286648750305, 0.23204107582569122, 0.2887079119682312, 0.015579082071781158, 0.015647809952497482, 0.0065012481063604355]",LINKE,AfD
"[0.9694638252258301, 0.013961060903966427, 0.0023367719259113073, 0.0009088381775654852, 0.005409324076026678, 0.007920198142528534]",AfD,AfD
"[0.00044248506310395896, 0.9517133235931396, 0.0021516229026019573, 0.0017342099454253912, 0.0013767719501629472, 0.04258156940340996]",CDU/CSU,CDU/CSU
"[0.00037573615554720163, 0.00016786169726401567, 5.028810483054258e-05, 0.002066507237032056, 0.9966543912887573, 0.0006851415964774787]",LINKE,LINKE
"[0.005664293188601732, 0.1244160458445549, 0.40977832674980164, 0.012589202262461185, 0.4426921308040619, 0.004859997425228357]",LINKE,LINKE
"[0.0005915805231779814, 0.002057122765108943, 0.00018142524641007185, 0.00110538094304502, 0.9958613514900208, 0.00020312990818638355]",LINKE,LINKE
"[0.0001238322292920202, 0.00014878784713800997, 0.0002904602442868054, 0.9936715364456177, 0.0005765220266766846, 0.005188911221921444]",GRÜNE,GRÜNE
"[0.0005627581849694252, 0.8944759964942932, 0.08581694960594177, 0.00300284824334085, 0.014851388521492481, 0.0012900892179459333]",CDU/CSU,CDU/CSU
"[0.3448801636695862, 0.01444793026894331, 0.634366512298584, 0.003984796814620495, 0.0014006984420120716, 0.0009199115447700024]",FDP,FDP
"[0.9971647262573242, 0.001879169256426394, 0.0004379164020065218, 0.0001737549901008606, 0.00024447409668937325, 0.00010001374175772071]",AfD,AfD
"[0.003657148452475667, 0.6891371011734009, 0.17900153994560242, 0.003754040226340294, 0.0006501487223431468, 0.12379999458789825]",CDU/CSU,CDU/CSU
"[0.9962632656097412, 0.0019917406607419252, 0.0015102364122867584, 9.966039942810312e-05, 5.779805360361934e-05, 7.738506974419579e-05]",AfD,AfD
"[0.13235093653202057, 0.6392240524291992, 0.20908726751804352, 0.0011700864415615797, 0.001368796220049262, 0.01679886132478714]",CDU/CSU,CDU/CSU
"[0.00044029857963323593, 0.13022655248641968, 0.081801638007164, 0.045459434390068054, 0.00017479521920904517, 0.7418973445892334]",SPD,SPD
"[0.00048125849571079016, 0.0060834502801299095, 0.015304109081625938, 0.46459805965423584, 0.10840854048728943, 0.4051245450973511]",GRÜNE,GRÜNE
"[0.004681539721786976, 0.0008559086127206683, 0.09207753837108612, 0.2568545639514923, 0.08396045118570328, 0.5615700483322144]",GRÜNE,SPD
"[0.000434349465649575, 0.02509293518960476, 0.009009781293570995, 0.02022669091820717, 0.6697980165481567, 0.27543824911117554]",LINKE,LINKE
"[0.0004027134273201227, 0.0033083483576774597, 0.0032418484333902597, 0.8077700138092041, 0.18440119922161102, 0.0008758543990552425]",LINKE,GRÜNE
"[0.10545294731855392, 0.7253454327583313, 0.0037392990197986364, 0.007818934507668018, 0.002945285988971591, 0.15469810366630554]",CDU/CSU,CDU/CSU
"[0.00020732187840621918, 0.997361958026886, 0.000905756838619709, 0.0005912327324040234, 0.00021786282013636082, 0.0007158805383369327]",CDU/CSU,CDU/CSU
"[0.0035698325373232365, 0.11712305247783661, 0.2868499755859375, 0.4422833323478699, 0.0006601727218367159, 0.1495136320590973]",SPD,GRÜNE
"[0.0003023219178430736, 0.9912384152412415, 0.0034580405335873365, 0.00031314705847762525, 0.0027865860611200333, 0.0019013388082385063]",CDU/CSU,CDU/CSU
"[0.00011729218385880813, 0.00022214713681023568, 7.76011438574642e-05, 0.0005549440393224359, 0.9989627599716187, 6.52192029519938e-05]",LINKE,LINKE
"[0.0004952931776642799, 0.00035863733501173556, 0.01763371378183365, 0.29825660586357117, 0.6830363273620605, 0.0002193922409787774]",LINKE,LINKE
"[0.0002986812614835799, 0.0001231853530043736, 2.6922592951450497e-05, 0.0006437980337068439, 0.9987255334854126, 0.00018194160657003522]",LINKE,LINKE
"[0.00019265896116849035, 0.07281607389450073, 0.02719953842461109, 0.027044394984841347, 0.0016077024629339576, 0.8711397051811218]",SPD,SPD
"[0.0004174501809757203, 0.0051171728409826756, 0.008099867962300777, 0.9664280414581299, 0.019443457946181297, 0.0004940361832268536]",GRÜNE,GRÜNE
"[0.0003185135137755424, 0.0029659923166036606, 0.0027218281757086515, 0.29307183623313904, 0.012986325658857822, 0.6879354119300842]",SPD,SPD
"[0.0008321025525219738, 0.9821197986602783, 0.0007845692452974617, 0.00031371525255963206, 0.015494514256715775, 0.000455213594250381]",CDU/CSU,CDU/CSU
"[0.0015165923396125436, 0.6185200810432434, 0.10399922728538513, 0.016276473179459572, 0.000143061246490106, 0.2595445215702057]",SPD,CDU/CSU
"[0.0017616440309211612, 0.018636930733919144, 0.0010461801430210471, 0.3642694056034088, 0.6013274788856506, 0.012958316132426262]",LINKE,LINKE
"[0.0011234930716454983, 0.3572891354560852, 0.07299546897411346, 0.04468956217169762, 0.0016586602432653308, 0.5222436189651489]",SPD,SPD
"[0.021436676383018494, 0.30008912086486816, 0.07894916087388992, 0.017919817939400673, 0.006563230883330107, 0.5750420689582825]",SPD,SPD
"[0.0005971447099000216, 0.827029287815094, 0.009335868060588837, 0.004103482700884342, 0.0003816314856521785, 0.1585526317358017]",CDU/CSU,CDU/CSU
"[0.0005611565429717302, 0.06630276888608932, 0.0004041152133140713, 0.03208644315600395, 0.0010687325848266482, 0.899576723575592]",SPD,SPD
"[0.0011690190294757485, 0.0008263920317403972, 0.0009240289218723774, 0.004789477679878473, 0.9914541244506836, 0.0008368857088498771]",LINKE,LINKE
"[0.06136413291096687, 0.5325265526771545, 0.19985119998455048, 0.14581024646759033, 0.0033255096059292555, 0.05712231621146202]",CDU/CSU,CDU/CSU
"[0.9987357258796692, 0.0005658298032358289, 0.0001358976005576551, 3.810774069279432e-05, 0.00047618572716601193, 4.826687654713169e-05]",AfD,AfD
"[0.009838919155299664, 0.8284574151039124, 0.11038249731063843, 0.016407979652285576, 0.020961856469511986, 0.013951324857771397]",CDU/CSU,CDU/CSU
"[0.007492368575185537, 0.01902065798640251, 0.05045650154352188, 0.7732509970664978, 0.00688210129737854, 0.14289742708206177]",GRÜNE,GRÜNE
"[0.0004908163682557642, 0.25864920020103455, 0.022934596985578537, 0.2167324274778366, 0.0005877253133803606, 0.5006052255630493]",SPD,SPD
"[0.0003770317416638136, 0.041126176714897156, 0.1994902491569519, 0.5519230961799622, 0.16504667699337006, 0.04203679785132408]",LINKE,GRÜNE
"[0.00020305656653363258, 0.04778284952044487, 0.933856725692749, 0.003529647598043084, 0.0005444699199870229, 0.014083263464272022]",GRÜNE,FDP
"[0.00011671893298625946, 0.01759149134159088, 0.014819545671343803, 0.9552538394927979, 0.007629863452166319, 0.004588537849485874]",GRÜNE,GRÜNE
"[0.0003832080401480198, 0.0015261630760505795, 0.009138800203800201, 0.25814399123191833, 0.00030453980434685946, 0.730503261089325]",SPD,SPD
"[0.0001595446519786492, 0.010113434866070747, 0.06846166402101517, 0.814598023891449, 0.10360471904277802, 0.003062654286623001]",GRÜNE,GRÜNE
"[0.00018161986372433603, 0.14446362853050232, 0.006245623342692852, 0.004458637908101082, 0.000482343602925539, 0.8441681861877441]",SPD,SPD
"[0.0005563221639022231, 0.8732530474662781, 0.06093761324882507, 0.0009278787183575332, 0.0001560867967782542, 0.0641690343618393]",CDU/CSU,CDU/CSU
"[0.0004828700330108404, 0.11091936379671097, 0.021851828321814537, 0.09625855833292007, 0.0013308663619682193, 0.7691565155982971]",GRÜNE,SPD
"[0.000540858251042664, 0.9294757843017578, 0.0007172208861447871, 0.0005451002507470548, 0.0007292272639460862, 0.06799174845218658]",CDU/CSU,CDU/CSU
"[0.00021907678456045687, 0.0024682865478098392, 0.00587748596444726, 0.8571993112564087, 0.0015246088150888681, 0.1327112317085266]",GRÜNE,GRÜNE
"[0.00018988247029483318, 0.0008095047669485211, 0.00030747271375730634, 0.994720458984375, 0.0004519377544056624, 0.0035207970067858696]",GRÜNE,GRÜNE
"[0.9691506028175354, 0.025212565436959267, 0.002603635424748063, 0.0006984162027947605, 0.0007820115424692631, 0.0015527353389188647]",AfD,AfD
"[0.9979004859924316, 0.0006978195160627365, 0.0008956088568083942, 0.00013069412671029568, 0.00010554114123806357, 0.00026984387659467757]",AfD,AfD
"[0.000254088721703738, 0.9985412359237671, 0.00019086200336460024, 0.00031901002512313426, 0.00029359894688241184, 0.0004013021825812757]",CDU/CSU,CDU/CSU
"[0.001020133146084845, 0.9516212940216064, 0.028950942680239677, 0.0007261181017383933, 0.00055133510613814, 0.017130225896835327]",CDU/CSU,CDU/CSU
"[0.00017597783880773932, 0.9835433959960938, 0.014012808911502361, 0.0011273936834186316, 0.0006861695437692106, 0.0004542481910903007]",CDU/CSU,CDU/CSU
"[0.0002587856724858284, 0.14414751529693604, 0.006258933339267969, 0.08608595281839371, 0.001979415537789464, 0.7612693309783936]",SPD,SPD
"[0.0019127536797896028, 0.0007094689644873142, 0.002906609093770385, 0.012780032120645046, 0.9816083312034607, 8.280577458208427e-05]",LINKE,LINKE
"[0.00013385177589952946, 0.0015979844611138105, 0.9975500106811523, 0.0001733059179969132, 9.955731366062537e-05, 0.00044529850129038095]",FDP,FDP
"[0.0030926265753805637, 0.00032759588793851435, 0.0005822944804094732, 0.0028055752627551556, 0.9919281005859375, 0.0012638004263862967]",LINKE,LINKE
"[0.00030658062314614654, 0.7754592895507812, 0.00441331509500742, 0.0003332223277539015, 0.0002224881900474429, 0.21926501393318176]",CDU/CSU,CDU/CSU
"[0.000178807633346878, 0.1780843585729599, 0.010230226442217827, 0.13636411726474762, 0.000286701659206301, 0.6748558282852173]",GRÜNE,SPD
"[0.0003149309486616403, 0.12947769463062286, 0.0035080008674412966, 0.023080164566636086, 0.0006214535678736866, 0.8429977297782898]",SPD,SPD
"[0.00015993624401744455, 0.002327338792383671, 0.0002647433429956436, 0.0020451985765248537, 0.00016271891945507377, 0.9950401186943054]",SPD,SPD
"[0.0008722187485545874, 0.39594170451164246, 0.014707576483488083, 0.0008278025779873133, 0.0004788182268384844, 0.5871719121932983]",CDU/CSU,SPD
"[0.0003142126661259681, 0.13857342302799225, 0.8583735227584839, 0.001430125324986875, 0.0004707173793576658, 0.0008379759965464473]",FDP,FDP
"[0.0019478420726954937, 0.0055833798833191395, 0.003728223266080022, 0.009573079645633698, 0.9767258763313293, 0.002441612770780921]",LINKE,LINKE
"[0.0005739776534028351, 0.03066164441406727, 0.0017720283940434456, 0.019170919433236122, 0.005575649440288544, 0.9422457814216614]",SPD,SPD
"[0.00040640131919644773, 0.005621165037155151, 0.518000602722168, 0.09242001920938492, 0.0008553251973353326, 0.3826964199542999]",SPD,FDP
"[0.0013208307791501284, 0.9872636198997498, 0.0075932154431939125, 0.0008247504010796547, 0.0015043334569782019, 0.001493254560045898]",CDU/CSU,CDU/CSU
"[0.8890305161476135, 0.09026492387056351, 0.0036293824668973684, 0.007672859355807304, 0.005034781992435455, 0.004367523360997438]",AfD,AfD
"[0.0004784541670233011, 0.870469331741333, 0.019960900768637657, 0.1049359068274498, 0.003141887253150344, 0.0010135490447282791]",CDU/CSU,CDU/CSU
"[0.0006366458837874234, 0.5673597455024719, 0.0965968519449234, 0.05801445245742798, 0.0026131870690733194, 0.27477917075157166]",CDU/CSU,CDU/CSU
"[0.1896021068096161, 0.5822595357894897, 0.07390264421701431, 0.032500557601451874, 0.002029016148298979, 0.1197061762213707]",AfD,CDU/CSU
"[0.000280240667052567, 0.8721691966056824, 0.03046739660203457, 0.011032594367861748, 0.0004806176875717938, 0.08556991815567017]",CDU/CSU,CDU/CSU
"[0.9990536570549011, 0.0004810118698514998, 0.00021282330271787941, 8.95011326065287e-05, 7.944863318698481e-05, 8.358732156921178e-05]",AfD,AfD
"[0.00034168214187957346, 0.31683290004730225, 0.011910410597920418, 0.07081782072782516, 0.0003895458939950913, 0.5997076034545898]",SPD,SPD
"[0.011531435884535313, 0.0070312535390257835, 0.4868892431259155, 0.0646856352686882, 0.4288294017314911, 0.0010330567602068186]",LINKE,FDP
"[0.9982002377510071, 0.0001980912929866463, 0.00031009086524136364, 0.00011052798799937591, 0.0011223023757338524, 5.873417831026018e-05]",AfD,AfD
"[0.00028909998945891857, 0.5552517771720886, 0.2508561313152313, 0.0068251509219408035, 0.0003340301336720586, 0.18644380569458008]",CDU/CSU,CDU/CSU
"[0.0006551495171152055, 0.031872283667325974, 0.5284734964370728, 0.06837405264377594, 0.0013834683923050761, 0.3692415952682495]",FDP,FDP
"[0.0011341721983626485, 0.010739728808403015, 0.9829432964324951, 0.0014018840156495571, 0.00019844147027470171, 0.003582458943128586]",FDP,FDP
"[0.0019203140400350094, 0.49455538392066956, 0.0008462714031338692, 0.00033374351914972067, 0.5020624995231628, 0.00028179370565339923]",LINKE,LINKE
"[0.00041429384145885706, 0.00013782565656583756, 5.606857666862197e-05, 0.0007354547851718962, 0.9981759786605835, 0.0004803546762559563]",LINKE,LINKE
"[0.0002489876060280949, 0.18874229490756989, 0.5555787086486816, 0.008937147445976734, 0.00017781327187549323, 0.24631504714488983]",FDP,FDP
"[0.0009278181823901832, 0.8979150056838989, 0.029247775673866272, 0.0064483461901545525, 0.007937830872833729, 0.057523198425769806]",CDU/CSU,CDU/CSU
"[0.0007490309071727097, 0.00012116157449781895, 9.669280552770942e-05, 0.000759805494453758, 0.9982175230979919, 5.5634562158957124e-05]",LINKE,LINKE
"[0.00011609592183958739, 0.00017946203297469765, 0.0003320209216326475, 0.9878093004226685, 0.00038402428617700934, 0.011179082095623016]",GRÜNE,GRÜNE
"[0.00021182237833272666, 0.0005698296590708196, 0.006329113617539406, 0.8677780032157898, 0.00029389109113253653, 0.1248173788189888]",SPD,GRÜNE
"[0.00038895223406143486, 0.09221869707107544, 0.5784193277359009, 0.3169727921485901, 0.002870872849598527, 0.009129311889410019]",FDP,FDP
"[0.0012990764807909727, 0.39463260769844055, 0.5987884402275085, 0.004673343151807785, 0.0003663825918920338, 0.00024008755281101912]",FDP,FDP
"[0.001237930846400559, 0.675176203250885, 0.022152502089738846, 0.0059499675408005714, 0.0004579962114803493, 0.29502540826797485]",CDU/CSU,CDU/CSU
"[0.0008496557129547, 0.3300839364528656, 0.10025182366371155, 0.015514424070715904, 0.0007427445380017161, 0.5525574088096619]",SPD,SPD
"[0.1936788111925125, 0.0020826254040002823, 0.7603204846382141, 0.018847521394491196, 0.010210126638412476, 0.014860379509627819]",AfD,FDP
"[0.00038320888415910304, 0.8236926198005676, 0.003494914621114731, 0.0049300361424684525, 0.00022241960687097162, 0.1672767996788025]",CDU/CSU,CDU/CSU
"[0.0004764711775351316, 0.0020731380209326744, 0.013307091780006886, 0.046813856810331345, 0.09222976118326187, 0.845099687576294]",SPD,SPD
"[0.010040724650025368, 0.003711987053975463, 0.287360280752182, 0.030671827495098114, 0.521766185760498, 0.1464490294456482]",LINKE,LINKE
"[0.00032686255872249603, 0.3146919906139374, 0.009111964143812656, 0.10212439298629761, 0.0017041604733094573, 0.5720406174659729]",SPD,SPD
"[0.0009288292494602501, 0.042856939136981964, 0.0379292294383049, 0.8756455183029175, 0.0013721734285354614, 0.04126729071140289]",GRÜNE,GRÜNE
"[0.00021229367121122777, 0.002773514948785305, 0.011565066874027252, 0.09784543514251709, 0.0007595159113407135, 0.8868442177772522]",SPD,SPD
"[0.0003868827479891479, 0.09950163215398788, 0.02431793324649334, 0.015212389640510082, 0.0022010914981365204, 0.8583800792694092]",SPD,SPD
"[0.00023822268121875823, 0.9929702281951904, 0.005853303708136082, 9.219233470503241e-05, 0.0003657159395515919, 0.0004803696065209806]",CDU/CSU,CDU/CSU
"[0.0007196543738245964, 0.7673242092132568, 0.0006423902232199907, 0.006295722909271717, 0.0006489935331046581, 0.22436895966529846]",CDU/CSU,CDU/CSU
"[0.0007142018293961883, 0.31063157320022583, 0.001742545049637556, 0.09852613508701324, 0.048712071031332016, 0.5396735072135925]",SPD,SPD
"[0.9993000030517578, 0.00020273112750146538, 0.0002788651327136904, 4.0986709791468456e-05, 0.00010862018825719133, 6.877401756355539e-05]",AfD,AfD
"[0.9903325438499451, 0.004427358042448759, 0.004285526927560568, 0.00017874907643999904, 0.00017438067879993469, 0.0006015612743794918]",AfD,AfD
"[0.0007157360087148845, 0.388909250497818, 0.20438605546951294, 0.22703030705451965, 0.0010262138675898314, 0.17793241143226624]",CDU/CSU,CDU/CSU
"[0.00033242045901715755, 0.14587901532649994, 0.015720447525382042, 0.007066233083605766, 0.0002583686728030443, 0.8307435512542725]",SPD,SPD
"[0.0006339993560686707, 0.0003741677210200578, 0.7725999355316162, 0.08451007306575775, 0.0006302953115664423, 0.1412515789270401]",FDP,FDP
"[0.00032235251273959875, 0.5952985286712646, 0.26743751764297485, 0.01696881651878357, 0.0006511295214295387, 0.11932166665792465]",SPD,CDU/CSU
"[0.00012818750110454857, 0.9951168894767761, 0.002176083857193589, 0.00028911494882777333, 0.00012019541463814676, 0.0021695788018405437]",CDU/CSU,CDU/CSU
"[0.00019451833213679492, 0.0024769140873104334, 0.0001440633786842227, 0.0020715489517897367, 0.00024734679027460515, 0.9948655962944031]",SPD,SPD
"[0.0017496143700554967, 0.028882605955004692, 0.0034711970947682858, 0.0018122572218999267, 0.9332432746887207, 0.030841004103422165]",LINKE,LINKE
"[0.0003255832416471094, 0.03912551328539848, 0.0050301216542720795, 0.20280379056930542, 0.0016063161892816424, 0.7511086463928223]",SPD,SPD
"[0.0002701950434129685, 0.2122500091791153, 0.051562730222940445, 0.18213331699371338, 0.01220075786113739, 0.5415828824043274]",GRÜNE,SPD
"[0.05932341888546944, 0.5048528909683228, 0.028799740597605705, 0.1542292684316635, 0.12869542837142944, 0.1240992546081543]",LINKE,CDU/CSU
"[0.0007407378288917243, 0.6417704820632935, 0.10010197758674622, 0.029409846290946007, 0.0009520131279714406, 0.22702492773532867]",CDU/CSU,CDU/CSU
"[0.0003046902420464903, 0.014095199294388294, 0.007819530554115772, 0.7783387303352356, 0.09842532128095627, 0.10101652890443802]",GRÜNE,GRÜNE
"[0.0008579408167861402, 0.08524179458618164, 0.010715849697589874, 0.19029706716537476, 0.20578815042972565, 0.5070991516113281]",GRÜNE,SPD
"[0.00034364129533059895, 0.017562786117196083, 0.0067698718048632145, 0.573678195476532, 0.00029318532324396074, 0.40135225653648376]",SPD,GRÜNE
"[0.0006310647004283965, 0.04428240656852722, 0.9267618060112, 0.018318338319659233, 0.0019092508591711521, 0.008097119629383087]",FDP,FDP
"[0.0002864696434698999, 0.27550509572029114, 0.6840196847915649, 0.008066526614129543, 0.0011091139167547226, 0.031013119965791702]",FDP,FDP
"[0.0002863993577193469, 0.009057034738361835, 0.9893788695335388, 0.0006461130687966943, 0.00024603825295343995, 0.00038548989687114954]",FDP,FDP
"[0.0008013256010599434, 0.4518437385559082, 0.018061140552163124, 0.4857223927974701, 0.025224395096302032, 0.018347062170505524]",LINKE,GRÜNE
"[0.0014869153965264559, 0.9673436880111694, 0.028949951753020287, 0.00019532028818503022, 0.00015838828403502703, 0.0018657343462109566]",CDU/CSU,CDU/CSU
"[0.00014170585200190544, 0.6011483669281006, 0.007492725737392902, 0.05103714019060135, 0.0001869785482995212, 0.33999305963516235]",CDU/CSU,CDU/CSU
"[0.0004688749322667718, 0.006746228784322739, 0.8190247416496277, 0.1711578220129013, 0.0017067375592887402, 0.0008956858073361218]",FDP,FDP
"[0.00019167161372024566, 0.32824140787124634, 0.6494142413139343, 0.007197909522801638, 0.00014036182255949825, 0.014814439229667187]",FDP,FDP
"[0.00036577938590198755, 0.2757476270198822, 0.3350200653076172, 0.009971359744668007, 0.0005135497194714844, 0.3783815801143646]",CDU/CSU,SPD
"[0.00017313395801465958, 0.00021151248074602336, 3.430398282944225e-05, 0.000593062024563551, 0.9988508224487305, 0.0001371707912767306]",LINKE,LINKE
"[0.00021259828645270318, 0.31854596734046936, 0.6741759777069092, 0.00017452130850870162, 0.00012381859414745122, 0.00676710857078433]",FDP,FDP
"[0.00015856999380048364, 0.028720084577798843, 0.9466350674629211, 0.001286903745494783, 0.0001430188858648762, 0.023056387901306152]",FDP,FDP
"[0.00013744595344178379, 0.008047278970479965, 0.00046683716936968267, 0.0015850798226892948, 0.00019254570361226797, 0.9895707368850708]",SPD,SPD
"[0.000675399147439748, 0.6760751605033875, 0.024445418268442154, 0.06058098375797272, 0.0016468894900754094, 0.23657619953155518]",CDU/CSU,CDU/CSU
"[0.00013455020962283015, 0.977194607257843, 0.01707199215888977, 0.0012910700170323253, 0.00011678383452817798, 0.004191006999462843]",CDU/CSU,CDU/CSU
"[0.0003186991671100259, 0.8874998688697815, 0.009370631538331509, 0.006723438855260611, 0.0001551803870825097, 0.09593211859464645]",CDU/CSU,CDU/CSU
"[0.00031914253486320376, 0.0026622628793120384, 0.0024262685328722, 0.4428883194923401, 0.5467473268508911, 0.004956632386893034]",LINKE,LINKE
"[0.00022451693075709045, 0.00023141776910051703, 0.0005809325957670808, 0.0028358129784464836, 0.9959099292755127, 0.00021739688236266375]",LINKE,LINKE
"[0.0005426174611784518, 0.0009096682770177722, 0.043061524629592896, 0.9094188213348389, 0.000877039332408458, 0.045190341770648956]",GRÜNE,GRÜNE
"[0.00011860076483571902, 0.05064097046852112, 0.19650119543075562, 0.14840559661388397, 0.00032580760307610035, 0.6040078997612]",SPD,SPD
"[0.0033165747299790382, 0.2696554958820343, 0.3857932388782501, 0.008174015209078789, 0.00149568822234869, 0.3315649926662445]",CDU/CSU,FDP
"[0.0003272627654951066, 0.30496031045913696, 0.17738573253154755, 0.12534822523593903, 0.0008217858849093318, 0.3911566436290741]",SPD,SPD
"[0.00034514465369284153, 0.858545184135437, 0.04222438856959343, 0.02459096536040306, 0.00029231118969619274, 0.0740019679069519]",CDU/CSU,CDU/CSU
"[0.004496718756854534, 0.02522239461541176, 0.0008109320770017803, 0.7813068628311157, 0.17591197788715363, 0.012251080945134163]",GRÜNE,GRÜNE
"[0.0004561330424621701, 0.4003213047981262, 0.012757544405758381, 0.007211078889667988, 0.00026835943572223186, 0.5789855718612671]",SPD,SPD
"[0.18397557735443115, 0.6391103863716125, 0.15861934423446655, 0.004838816821575165, 0.005849605891853571, 0.0076061999425292015]",CDU/CSU,CDU/CSU
"[0.7935906052589417, 0.0016220943070948124, 0.0011308208340778947, 0.001215646043419838, 0.2013908177614212, 0.0010499771451577544]",AfD,AfD
"[0.06907599419355392, 0.5459268689155579, 0.2722007632255554, 0.037706393748521805, 0.02045806683599949, 0.05463187396526337]",CDU/CSU,CDU/CSU
"[0.0008284638752229512, 0.8013648986816406, 0.03395849093794823, 0.008188080973923206, 0.0009346268489025533, 0.15472550690174103]",SPD,CDU/CSU
"[0.0005431632744148374, 0.23763887584209442, 0.3326270282268524, 0.3375988304615021, 0.0020172097720205784, 0.0895748883485794]",GRÜNE,GRÜNE
"[0.000464810203993693, 0.001303014811128378, 0.9910355806350708, 0.0067395432852208614, 0.00017332265269942582, 0.00028376985574141145]",FDP,FDP
"[0.0005665714852511883, 0.0004318109422456473, 0.0002898600941989571, 0.0004488052800297737, 0.9982073903083801, 5.551065260078758e-05]",LINKE,LINKE
"[0.9979987740516663, 0.0004180810647085309, 0.0005979968700557947, 0.00016949836572166532, 0.0007779381121508777, 3.7783280276926234e-05]",AfD,AfD
"[0.00014808884589001536, 0.15771037340164185, 0.039008814841508865, 0.016232039779424667, 0.0014724566135555506, 0.7854282259941101]",SPD,SPD
"[0.00030495383543893695, 0.00010232145723421127, 6.032816963852383e-05, 0.00030361663084477186, 0.9991326928138733, 9.612211579224095e-05]",LINKE,LINKE
"[0.0002425848797429353, 0.032581910490989685, 0.06296874582767487, 0.23447170853614807, 0.0009374528308399022, 0.6687976121902466]",SPD,SPD
"[0.0005524484440684319, 0.43466416001319885, 0.01374892145395279, 0.03609117120504379, 0.002783731557428837, 0.512159526348114]",CDU/CSU,SPD
"[0.0003612757718656212, 0.5559625029563904, 0.010310988873243332, 0.00537586584687233, 0.0005874089547432959, 0.4274020195007324]",SPD,CDU/CSU
"[0.0002764934324659407, 0.0005859723896719515, 4.0455543057760224e-05, 0.006821801420301199, 0.9883324503898621, 0.003942843992263079]",LINKE,LINKE
"[0.004154869820922613, 0.0011266996152698994, 0.0005188653594814241, 0.03402094915509224, 0.9600043296813965, 0.00017431557353120297]",LINKE,LINKE
"[8.34906313684769e-05, 0.0012244919780641794, 0.0006139120669104159, 0.9785969257354736, 0.004880943801254034, 0.014600294642150402]",SPD,GRÜNE
"[0.00026582059217616916, 8.945124864112586e-05, 4.8075668019009754e-05, 0.00039752927841618657, 0.9991222620010376, 7.684880984015763e-05]",LINKE,LINKE
"[0.0004644224245566875, 0.47567328810691833, 0.19580937922000885, 0.028857873752713203, 0.00020888920698780566, 0.29898613691329956]",CDU/CSU,CDU/CSU
"[0.0029260877054184675, 0.5970647931098938, 0.0030013341456651688, 0.17752918601036072, 0.009889164008200169, 0.20958946645259857]",CDU/CSU,CDU/CSU
"[0.0003855136164929718, 0.8031741380691528, 0.012511800043284893, 0.014841648750007153, 0.00012549594976007938, 0.16896142065525055]",CDU/CSU,CDU/CSU
"[0.9990361332893372, 0.0002413397451164201, 0.0002415492053842172, 0.00010436665615998209, 0.00027095378027297556, 0.00010563257819740102]",AfD,AfD
"[0.00013606665015686303, 0.0002143931487808004, 0.0007238935795612633, 0.9840205311775208, 0.0005240761092863977, 0.014380964450538158]",GRÜNE,GRÜNE
"[0.00031017488799989223, 0.820751428604126, 0.034110177308321, 0.003579850075766444, 0.0003128006646875292, 0.14093561470508575]",CDU/CSU,CDU/CSU
"[0.0009169001132249832, 0.5561225414276123, 0.13438302278518677, 0.30133965611457825, 0.0016654081409797072, 0.005572507623583078]",GRÜNE,CDU/CSU
"[0.0009308303124271333, 0.01938195340335369, 0.11591283231973648, 0.02877924032509327, 0.000516618718393147, 0.834478497505188]",SPD,SPD
"[0.00019764664466492832, 0.0031752665527164936, 0.005211532115936279, 0.16493938863277435, 0.0007756691775284708, 0.8257005214691162]",GRÜNE,SPD
"[0.007397948298603296, 0.10733338445425034, 0.2865476608276367, 0.42381203174591064, 0.005363769829273224, 0.1695452332496643]",GRÜNE,GRÜNE
"[0.0013148377183824778, 0.6169105768203735, 0.001078055240213871, 0.018691405653953552, 0.0033085127361118793, 0.3586966395378113]",CDU/CSU,CDU/CSU
"[0.0015477476408705115, 0.3832809031009674, 0.15348359942436218, 0.021309640258550644, 0.0013774341205134988, 0.43900066614151]",SPD,SPD
"[0.0001491879957029596, 0.0001912268780870363, 9.094271081266925e-05, 0.003968194127082825, 0.9953970909118652, 0.00020340131595730782]",LINKE,LINKE
"[0.7407975792884827, 0.022132715210318565, 0.0011264911154285073, 0.006413647904992104, 0.22852583229541779, 0.0010037875035777688]",AfD,AfD
"[0.000609103066381067, 0.19747185707092285, 0.0406753346323967, 0.02689470909535885, 0.0010754549875855446, 0.7332735657691956]",SPD,SPD
"[0.00019614915072452277, 0.0033896593376994133, 0.003407914424315095, 0.9678007960319519, 0.013899629935622215, 0.011305837891995907]",GRÜNE,GRÜNE
"[7.725887553533539e-05, 0.003340626833960414, 0.007432186510413885, 0.9603670239448547, 0.0013675596565008163, 0.027415292337536812]",GRÜNE,GRÜNE
"[0.00018877116963267326, 0.010716013610363007, 0.011620279401540756, 0.2975592613220215, 0.00036460295086726546, 0.6795510649681091]",SPD,SPD
"[0.012810287065804005, 0.00542570510879159, 0.9810000061988831, 0.0001625712466193363, 0.00020452856551855803, 0.0003968612290918827]",FDP,FDP
"[0.0009393952786922455, 0.22558635473251343, 0.023417815566062927, 0.0045844377018511295, 0.0005081169074401259, 0.7449638843536377]",SPD,SPD
"[0.9012514352798462, 0.04846216365695, 0.0009191318531520665, 0.00045083631994202733, 0.04802054911851883, 0.0008958043181337416]",AfD,AfD
"[0.0005419974913820624, 0.001721136155538261, 0.00298488256521523, 0.17236845195293427, 0.8194847702980042, 0.002898753620684147]",LINKE,LINKE
"[0.0004820991598535329, 0.002292296616360545, 0.0002839867665898055, 0.001144993002526462, 0.0002694987633731216, 0.9955270886421204]",SPD,SPD
"[0.001131763681769371, 0.90343177318573, 0.05266891047358513, 0.015032058581709862, 0.0022281964775174856, 0.025507330894470215]",CDU/CSU,CDU/CSU
"[0.0002522104769013822, 0.9834890961647034, 0.011565117165446281, 0.0005304679507389665, 0.0003732462937477976, 0.003789865877479315]",CDU/CSU,CDU/CSU
"[0.0003634768072515726, 0.9371438026428223, 0.00795720424503088, 0.0009564224747009575, 0.00012549861276056617, 0.05345366522669792]",CDU/CSU,CDU/CSU
"[0.00044755684211850166, 0.6865620017051697, 0.17550809681415558, 0.0042574708350002766, 0.00022718177933711559, 0.13299772143363953]",CDU/CSU,CDU/CSU
"[0.01160040870308876, 0.7351643443107605, 0.04918501153588295, 0.05847114324569702, 0.010264676995575428, 0.13531441986560822]",CDU/CSU,CDU/CSU
"[0.0011833084281533957, 0.9795215725898743, 0.010500466451048851, 0.00020603019220288843, 0.00016782880993559957, 0.008420899510383606]",CDU/CSU,CDU/CSU
"[0.00022707442985847592, 0.48838186264038086, 0.00618416303768754, 0.002915344201028347, 0.00017378514166921377, 0.5021177530288696]",CDU/CSU,SPD
"[0.00010223488789051771, 0.0003130420809611678, 0.005701086483895779, 0.9751633405685425, 0.0015507196076214314, 0.017169607803225517]",GRÜNE,GRÜNE
"[0.00021586992079392076, 0.9962625503540039, 0.002544911578297615, 0.0005469713942147791, 0.00025509652914479375, 0.00017461330571677536]",CDU/CSU,CDU/CSU
"[0.0038787908852100372, 0.12426482886075974, 0.0029084032867103815, 0.10955078899860382, 0.0036086789332330227, 0.7557885050773621]",SPD,SPD
"[0.0001394810387864709, 0.00011196675768587738, 0.00011734015424735844, 0.0011209289077669382, 0.9983958601951599, 0.00011439832451287657]",LINKE,LINKE
"[0.00020205278997309506, 0.773509681224823, 0.09302513301372528, 0.002462988253682852, 0.0009861821308732033, 0.129814013838768]",SPD,CDU/CSU
"[0.0005951985367573798, 0.031330656260252, 0.8568024635314941, 0.10729173570871353, 0.0013853845885023475, 0.002594485180452466]",FDP,FDP
"[0.0010812976397573948, 0.7393802404403687, 0.1797436773777008, 0.0008474800270050764, 0.00034191537997685373, 0.07860533893108368]",CDU/CSU,CDU/CSU
"[0.0002480052935425192, 0.00011685064237099141, 7.139092485886067e-05, 0.0003738538362085819, 0.9991298913955688, 5.994930324959569e-05]",LINKE,LINKE
"[0.17780964076519012, 0.044223636388778687, 0.012012462131679058, 0.06193111464381218, 0.015996186062693596, 0.6880269050598145]",SPD,SPD
"[0.0006040678708814085, 0.26832619309425354, 0.002068574307486415, 0.7137014269828796, 0.010410991497337818, 0.004888780415058136]",GRÜNE,GRÜNE
"[0.0005511974450200796, 0.00868715438991785, 0.25913336873054504, 0.7218080163002014, 0.005328197032213211, 0.004492074716836214]",GRÜNE,GRÜNE
"[0.00018658152839634567, 0.027360696345567703, 0.001100966241210699, 0.0005238889716565609, 0.0004609210882335901, 0.9703669548034668]",SPD,SPD
"[0.00014765968080610037, 0.00038318667793646455, 0.0009497016435489058, 0.9597846269607544, 0.0005598673596978188, 0.0381748341023922]",GRÜNE,GRÜNE
"[0.0007085963152348995, 0.18011203408241272, 0.7072904109954834, 0.05523921921849251, 0.00047573482152074575, 0.05617402493953705]",FDP,FDP
"[0.00046150817070156336, 0.759212851524353, 0.001903511118143797, 0.0013117012567818165, 0.0032571146730333567, 0.2338532954454422]",CDU/CSU,CDU/CSU
"[0.0006536684231832623, 0.36130836606025696, 0.0004915783647447824, 0.013694657012820244, 0.5087020397186279, 0.11514969170093536]",CDU/CSU,LINKE
"[0.001159151317551732, 0.5557067394256592, 0.26968950033187866, 0.0063164071179926395, 0.0003518969751894474, 0.16677629947662354]",CDU/CSU,CDU/CSU
"[0.00012110377429053187, 0.0032758619636297226, 0.0004375148855615407, 0.009454277344048023, 0.0013103450182825327, 0.985400915145874]",SPD,SPD
"[0.0002827788412105292, 0.0005504194996319711, 0.001156170037575066, 0.08902017027139664, 0.89207524061203, 0.016915298998355865]",LINKE,LINKE
"[0.0007954053580760956, 0.12592531740665436, 0.06773611903190613, 0.062238503247499466, 0.001934165833517909, 0.741370439529419]",SPD,SPD
"[0.9958626627922058, 0.0011629511136561632, 0.0010412601986899972, 0.0005416111671365798, 0.00020719894382636994, 0.001184299704618752]",AfD,AfD
"[0.0011408405844122171, 0.6085745096206665, 0.32906216382980347, 0.04369743913412094, 0.014991355128586292, 0.0025336528196930885]",FDP,CDU/CSU
"[0.0002166869817301631, 0.011764355935156345, 0.018716799095273018, 0.005745632108300924, 6.161651253933087e-05, 0.9634948372840881]",SPD,SPD
"[0.0004632080381270498, 0.019497277215123177, 0.0016679903492331505, 0.9644615054130554, 0.012712343595921993, 0.0011977007379755378]",GRÜNE,GRÜNE
"[0.023500734940171242, 0.09892028570175171, 0.8584041595458984, 0.016540639102458954, 0.000998836592771113, 0.0016353260725736618]",FDP,FDP
"[0.001916749868541956, 0.19740420579910278, 0.729088306427002, 0.05845481529831886, 0.004376240074634552, 0.008759708143770695]",FDP,FDP
"[0.0001446100795874372, 0.0012043863534927368, 0.0003755210491362959, 0.9958075284957886, 0.0014522260753437877, 0.0010156508069485426]",GRÜNE,GRÜNE
"[0.00014579726848751307, 0.050729356706142426, 0.0007970833103172481, 0.002928126137703657, 0.00023433550086338073, 0.9451652765274048]",SPD,SPD
"[0.0011529092444106936, 0.9789950847625732, 0.007331332191824913, 0.00023961771512404084, 0.00012553467240650207, 0.012155489064753056]",CDU/CSU,CDU/CSU
"[0.37648865580558777, 0.39525243639945984, 0.17213650047779083, 0.018547726795077324, 0.004932872019708157, 0.03264181688427925]",CDU/CSU,CDU/CSU
"[0.00040672774775885046, 0.1331004500389099, 0.023672031238675117, 0.0276940930634737, 0.021501528099179268, 0.7936251759529114]",SPD,SPD
"[0.00030015147058293223, 0.00033647005329839885, 8.82281965459697e-05, 0.0008006813004612923, 0.998404324054718, 7.016577001195401e-05]",LINKE,LINKE
"[0.7411903738975525, 0.0009107681107707322, 0.0019594812765717506, 0.04808204993605614, 0.20563898980617523, 0.002218415727838874]",AfD,AfD
"[0.0002297609462402761, 8.673104457557201e-05, 3.815842137555592e-05, 0.00045666153891943395, 0.9991041421890259, 8.455988427158445e-05]",LINKE,LINKE
"[0.0006222217343747616, 0.0003161189961247146, 6.643675442319363e-05, 0.031422290951013565, 0.9637056589126587, 0.003867172170430422]",LINKE,LINKE
"[0.00034875725395977497, 0.009041090495884418, 0.10075833648443222, 0.26265910267829895, 0.00031331408536061645, 0.6268793940544128]",FDP,SPD
"[0.0007511586300097406, 0.0007540415972471237, 0.184535950422287, 0.7399656176567078, 0.00038808671524748206, 0.07360509783029556]",GRÜNE,GRÜNE
"[0.021789396181702614, 0.03239024057984352, 0.9437358379364014, 0.00018604501383379102, 0.0014649637741968036, 0.00043351168278604746]",FDP,FDP
"[0.8522129058837891, 0.044338516891002655, 0.04376905784010887, 0.03388825058937073, 0.010531846433877945, 0.015259336680173874]",AfD,AfD
"[0.020777219906449318, 0.7332057356834412, 0.07627782970666885, 0.0007126717828214169, 0.1631927341222763, 0.005833824630826712]",CDU/CSU,CDU/CSU
"[0.003769905539229512, 0.16932393610477448, 0.6624979376792908, 0.026656227186322212, 0.0021354330237954855, 0.13561652600765228]",FDP,FDP
"[0.0003667834389489144, 0.44154345989227295, 0.04540082439780235, 0.011156011372804642, 0.00021443165314849466, 0.5013185739517212]",FDP,SPD
"[0.0003102399641647935, 0.7634536027908325, 0.014427969232201576, 0.0007165813585743308, 0.0011593670351430774, 0.21993228793144226]",CDU/CSU,CDU/CSU
"[0.00010108930291607976, 0.0006547006778419018, 0.9985077381134033, 0.000167264646734111, 0.00012087947834515944, 0.00044829098624177277]",FDP,FDP
"[0.8635461926460266, 0.024544812738895416, 0.022066380828619003, 0.034436728805303574, 0.04435336962342262, 0.011052415706217289]",AfD,AfD
"[0.0004820978792849928, 0.005204115528613329, 0.011180874891579151, 0.9075382351875305, 0.0026930312160402536, 0.07290167361497879]",GRÜNE,GRÜNE
"[0.0019139909418299794, 0.021761730313301086, 0.09818299859762192, 0.7246520519256592, 0.005540304817259312, 0.14794892072677612]",SPD,GRÜNE
"[0.0002686579246073961, 0.49948710203170776, 0.043624117970466614, 0.01112319901585579, 0.001124268164858222, 0.4443725645542145]",SPD,CDU/CSU
"[0.07172191888093948, 0.791697084903717, 0.12909241020679474, 0.0026192700024694204, 0.0029241812881082296, 0.0019451716216281056]",CDU/CSU,CDU/CSU
"[0.9268772602081299, 0.005256177391856909, 0.06269863247871399, 0.0017476059729233384, 0.002264732727780938, 0.0011555985547602177]",AfD,AfD
"[0.0004553806211333722, 0.95210862159729, 0.016380110755562782, 0.0005892438348382711, 0.00017295290308538824, 0.030293695628643036]",CDU/CSU,CDU/CSU
"[9.61692348937504e-05, 0.0007353078108280897, 0.00039628162630833685, 0.9755131006240845, 0.0005845235427841544, 0.02267458848655224]",GRÜNE,GRÜNE
"[0.0009701193193905056, 0.0024837234523147345, 0.9937794804573059, 0.001492572482675314, 0.0004978762590326369, 0.0007762738969177008]",FDP,FDP
"[0.00023742274788673967, 0.02265302464365959, 0.0005568846827372909, 0.06075325608253479, 0.000629729125648737, 0.9151697754859924]",SPD,SPD
"[0.7928141951560974, 0.025081107392907143, 0.1726124882698059, 0.006599814165383577, 0.001569639309309423, 0.00132272532209754]",AfD,AfD
"[0.001656319247558713, 0.0049329036846756935, 0.5136786699295044, 0.08972471952438354, 0.0022451337426900864, 0.38776230812072754]",FDP,FDP
"[0.0003941771574318409, 0.0013739267596974969, 0.0014785429229959846, 0.7908837795257568, 0.013492642901837826, 0.19237685203552246]",SPD,GRÜNE
"[0.9991283416748047, 0.0003325223224237561, 0.000139645766466856, 8.510965562891215e-05, 0.00024108958314172924, 7.326545164687559e-05]",AfD,AfD
"[0.0008141932194121182, 0.9728243947029114, 0.02338227443397045, 0.001377563807182014, 0.0008571101352572441, 0.0007444096263498068]",FDP,CDU/CSU
"[0.0016933478182181716, 0.007357733324170113, 0.3369816243648529, 0.0406360886991024, 0.004668103531002998, 0.6086631417274475]",FDP,SPD
"[0.00026285662897862494, 0.004533705767244101, 0.019358810037374496, 0.06490101665258408, 0.00017877349455375224, 0.9107648730278015]",SPD,SPD
"[0.000306015950627625, 0.4207081198692322, 0.016512611880898476, 0.02078811451792717, 0.004677888005971909, 0.537007212638855]",CDU/CSU,SPD
"[0.00042237379238940775, 0.0019155964255332947, 0.0009808040922507644, 0.5241293907165527, 0.4699256420135498, 0.0026262542232871056]",LINKE,GRÜNE
"[0.000458819093182683, 0.906697690486908, 0.08027725666761398, 0.0036145346239209175, 0.00030536981648765504, 0.008646411821246147]",CDU/CSU,CDU/CSU
"[0.0002545164024922997, 0.005134750157594681, 0.04136325418949127, 0.91312575340271, 0.0001540147204650566, 0.03996775299310684]",GRÜNE,GRÜNE
"[0.00046608300181105733, 0.36038246750831604, 0.001258442411199212, 0.04107929766178131, 0.000671686080750078, 0.596142053604126]",SPD,SPD
"[0.0005992233054712415, 0.05734576657414436, 0.40830859541893005, 0.24019524455070496, 0.0005755483289249241, 0.29297560453414917]",GRÜNE,FDP
"[0.0008960409904830158, 0.3482212722301483, 0.06938081979751587, 0.026546740904450417, 0.0015220731729641557, 0.5534331202507019]",FDP,SPD
"[0.00010491698776604608, 0.07375668734312057, 0.015512354671955109, 0.07436557114124298, 0.00032116915099322796, 0.8359392881393433]",SPD,SPD
"[0.21056970953941345, 0.001480355393141508, 0.003563009202480316, 0.0007234935183078051, 0.7834634780883789, 0.00019995089678559452]",LINKE,LINKE
"[0.005624544806778431, 0.05407724529504776, 0.8068816065788269, 0.08081992715597153, 0.0005225865170359612, 0.05207410454750061]",GRÜNE,FDP
"[0.5866502523422241, 0.01172767672687769, 0.3975197970867157, 0.000787440687417984, 0.0021812841296195984, 0.0011335827875882387]",AfD,AfD
"[0.9452812075614929, 0.0031891781836748123, 0.007508179638534784, 0.0003740511310752481, 0.04354216530919075, 0.00010519820352783427]",AfD,AfD
"[0.0004336341517046094, 0.036226898431777954, 0.34250330924987793, 0.32758158445358276, 0.00031107335234992206, 0.29294347763061523]",GRÜNE,FDP
"[0.22120799124240875, 0.05307430028915405, 0.7221548557281494, 0.0009118202142417431, 0.0020107130985707045, 0.000640325655695051]",AfD,FDP
"[0.7478766441345215, 0.1227174624800682, 0.11683658510446548, 0.0006782738491892815, 0.008691753260791302, 0.0031993212178349495]",AfD,AfD
"[0.00022411230020225048, 0.0005444498965516686, 0.0014701052568852901, 0.8741987943649292, 0.0011468735756352544, 0.122415691614151]",GRÜNE,GRÜNE
"[0.0005218373262323439, 0.3454071581363678, 0.08965468406677246, 0.09106209129095078, 0.0007251824717968702, 0.47262904047966003]",FDP,SPD
"[0.0014735121512785554, 0.3467438519001007, 0.5672350525856018, 0.004893188364803791, 0.00021816416119690984, 0.07943614572286606]",FDP,FDP
"[0.34654492139816284, 0.004621085710823536, 0.11903397738933563, 0.34250757098197937, 0.010639931075274944, 0.1766524761915207]",AfD,AfD
"[0.001646794960834086, 0.7708447575569153, 0.027274085208773613, 0.00769359664991498, 0.0013542263768613338, 0.19118650257587433]",CDU/CSU,CDU/CSU
"[0.0006883646710775793, 0.1515892893075943, 0.01707281731069088, 0.7050734162330627, 0.06170688197016716, 0.06386914849281311]",GRÜNE,GRÜNE
"[0.00020838856289628893, 0.8822929859161377, 0.044010963290929794, 0.0029633238445967436, 0.000124930331367068, 0.07039936631917953]",CDU/CSU,CDU/CSU
"[0.0004830428515560925, 0.0049729058519005775, 0.296904593706131, 0.18807943165302277, 0.008844351395964622, 0.5007156133651733]",SPD,SPD
"[0.9839458465576172, 0.0018237821059301496, 0.0005525410524569452, 0.001603632583282888, 0.010665432550013065, 0.0014087086310610175]",AfD,AfD
"[0.0002995311515405774, 0.06668944656848907, 0.0023198812268674374, 0.0007060323841869831, 0.00013153023610357195, 0.929853618144989]",SPD,SPD
"[0.1769893616437912, 0.2866634726524353, 0.1157270148396492, 0.10413432866334915, 0.09986033290624619, 0.21662546694278717]",GRÜNE,CDU/CSU
"[0.00017963495338335633, 0.8902216553688049, 0.0021878466941416264, 0.0006679152720607817, 0.000402425677748397, 0.10634046792984009]",CDU/CSU,CDU/CSU
"[0.9961586594581604, 0.0017827523406594992, 0.0006191495922394097, 0.00025183564866892993, 0.0011249254457652569, 6.268007564358413e-05]",AfD,AfD
"[0.0002350133436266333, 0.0001452123251510784, 0.00022403242473956198, 0.0015437451656907797, 0.9976502060890198, 0.00020180433057248592]",LINKE,LINKE
"[0.00047020704369060695, 0.37578290700912476, 0.0005124026210978627, 0.0007707112235948443, 0.00047761175665073097, 0.6219861507415771]",SPD,SPD
"[0.0028849681839346886, 0.8768361806869507, 0.10978565365076065, 0.0012114807032048702, 0.001237822463735938, 0.008043838664889336]",CDU/CSU,CDU/CSU
"[0.00012262027303222567, 0.00012137569137848914, 3.332805135869421e-05, 0.0006011500954627991, 0.9988851547241211, 0.00023631282965652645]",LINKE,LINKE
"[0.0005663494812324643, 0.002333739073947072, 0.012396246194839478, 0.7928204536437988, 0.00023242938914336264, 0.19165079295635223]",GRÜNE,GRÜNE
"[0.001559964381158352, 0.0008747462998144329, 0.9647267460823059, 0.0096741933375597, 0.00022773654200136662, 0.02293669618666172]",FDP,FDP
"[0.00010476270108483732, 0.048608213663101196, 0.0029614719096571207, 0.004801486618816853, 0.0002558428968768567, 0.9432682991027832]",SPD,SPD
"[0.21284931898117065, 0.019447864964604378, 0.30791640281677246, 0.27237170934677124, 0.008210662752389908, 0.179204061627388]",AfD,FDP
"[0.0004171292239334434, 0.0025657459627836943, 0.9727970957756042, 0.011112716980278492, 0.00017991177446674556, 0.012927471660077572]",FDP,FDP
"[0.007506255060434341, 0.24699127674102783, 0.061260778456926346, 0.39552173018455505, 0.02643815241754055, 0.2622818648815155]",GRÜNE,GRÜNE
"[0.0004982686368748546, 0.0007563368417322636, 0.0008243127958849072, 0.34032419323921204, 0.0007324382895603776, 0.6568644046783447]",SPD,SPD
"[0.0006673475727438927, 0.00443315738812089, 0.01588555984199047, 0.5127561092376709, 0.0012745398562401533, 0.4649833142757416]",SPD,GRÜNE
"[0.000673752510920167, 0.0014376990729942918, 0.06104271858930588, 0.830390214920044, 0.07697539031505585, 0.029480203986167908]",GRÜNE,GRÜNE
"[0.00034273360506631434, 0.19221244752407074, 0.02125321328639984, 0.18037669360637665, 0.0003728664305526763, 0.6054420471191406]",CDU/CSU,SPD
"[0.0012087589129805565, 0.07403255254030228, 0.030214902013540268, 0.02363920956850052, 0.017000023275613785, 0.8539044857025146]",SPD,SPD
"[0.00014637879212386906, 0.536486029624939, 0.02900797128677368, 0.01846182346343994, 0.0005763672525063157, 0.4153214693069458]",SPD,CDU/CSU
"[0.00017805617244448513, 0.011163076385855675, 0.5050094723701477, 0.1459682285785675, 0.00034450346720404923, 0.3373366594314575]",FDP,FDP
"[0.0007156451465561986, 0.016971634700894356, 0.7162446975708008, 0.048917338252067566, 0.0025447446387261152, 0.21460595726966858]",FDP,FDP
"[0.0035497192293405533, 0.7395026683807373, 0.09477262943983078, 0.01855003461241722, 0.06616287678480148, 0.07746206969022751]",CDU/CSU,CDU/CSU
"[0.0005796728073619306, 0.832500159740448, 0.004792001098394394, 0.0025758438277989626, 0.00021056097466498613, 0.15934179723262787]",SPD,CDU/CSU
"[0.0002414125920040533, 0.9006991386413574, 0.007018610369414091, 0.0006538102752529085, 0.00014100423140916973, 0.09124598652124405]",CDU/CSU,CDU/CSU
"[0.00041229912312701344, 0.1680721640586853, 0.028089163824915886, 0.021580509841442108, 0.00045502849388867617, 0.7813907861709595]",SPD,SPD
"[0.6664976477622986, 0.0039657349698245525, 0.06977993994951248, 0.25502556562423706, 0.0009287821012549102, 0.003802300663664937]",AfD,AfD
"[0.0006146192317828536, 0.19449718296527863, 0.12947288155555725, 0.08621925860643387, 0.48999327421188354, 0.09920281171798706]",LINKE,LINKE
"[0.0007280210265889764, 0.0028264459688216448, 0.0006513205589726567, 0.008146584033966064, 0.7212690711021423, 0.26637858152389526]",LINKE,LINKE
"[0.0002867928706109524, 0.9653427600860596, 0.002056560479104519, 0.004803152289241552, 0.00020252700778655708, 0.027308182790875435]",CDU/CSU,CDU/CSU
"[0.0006054664845578372, 0.0011901436373591423, 0.019605198875069618, 0.7050773501396179, 0.02826695144176483, 0.24525488913059235]",GRÜNE,GRÜNE
"[0.010615424253046513, 0.0007602639961987734, 0.00018991004617419094, 0.0006609646952711046, 0.9869635105133057, 0.0008098511025309563]",LINKE,LINKE
"[0.00019451332627795637, 0.00039485099841840565, 0.0009379933471791446, 0.0382443331182003, 0.9597296118736267, 0.0004986512358300388]",LINKE,LINKE
"[0.8744403719902039, 0.007226808462291956, 0.11665918678045273, 0.00014728894166182727, 0.0004948595305904746, 0.0010314377723261714]",AfD,AfD
"[0.00023703923216089606, 0.00228935107588768, 0.011974734254181385, 0.06217025965452194, 0.9171724915504456, 0.006156141869723797]",LINKE,LINKE
"[0.00023418509226758033, 0.9957730174064636, 0.0014067169977352023, 0.0002431675820844248, 0.00013804181071463972, 0.002204919932410121]",CDU/CSU,CDU/CSU
"[0.002013410674408078, 0.5616791248321533, 0.04163694381713867, 0.0519234836101532, 0.0029656451661139727, 0.33978137373924255]",SPD,CDU/CSU
"[0.00035217832191847265, 0.8459019064903259, 0.0029852192383259535, 0.002760615898296237, 0.00028509454568848014, 0.14771507680416107]",CDU/CSU,CDU/CSU
"[0.0002076452219625935, 0.07230532169342041, 0.003199578495696187, 0.003561351215466857, 0.0003508662339299917, 0.9203752875328064]",SPD,SPD
"[0.00035557354567572474, 0.9777010083198547, 0.0092374412342906, 0.0002304495283169672, 0.000866555783431977, 0.011608944274485111]",FDP,CDU/CSU
"[0.0006050491356290877, 0.2075798362493515, 0.0024911549407988787, 0.4202077388763428, 0.012281243689358234, 0.3568349778652191]",SPD,GRÜNE
"[0.00023281012545339763, 0.19590330123901367, 0.022080261260271072, 0.6193913221359253, 0.007948704063892365, 0.15444357693195343]",GRÜNE,GRÜNE
"[0.0003897648421116173, 0.7615167498588562, 0.004479129798710346, 0.0026028407737612724, 0.00039039572584442794, 0.2306211292743683]",CDU/CSU,CDU/CSU
"[0.0003008551720995456, 0.20706291496753693, 0.11230900883674622, 0.031541384756565094, 0.0026898328214883804, 0.6460960507392883]",SPD,SPD
"[0.00032666363404132426, 0.28729209303855896, 0.021697835996747017, 0.399404913187027, 0.001608987688086927, 0.2896694540977478]",GRÜNE,GRÜNE
"[0.00027192209381610155, 0.0011529485927894711, 0.0005822103703394532, 0.10661033540964127, 0.8847522735595703, 0.006630318239331245]",LINKE,LINKE
"[0.00029575417283922434, 0.444968581199646, 0.02241351827979088, 0.23168091475963593, 0.0009248537244275212, 0.2997163236141205]",CDU/CSU,CDU/CSU
"[0.0009738480439409614, 0.7248096466064453, 0.2700417935848236, 0.0003329505561850965, 0.0007118778303265572, 0.003129892749711871]",CDU/CSU,CDU/CSU
"[0.0002553461235947907, 0.9634475708007812, 0.010001542046666145, 0.0006372801144607365, 0.00021460468997247517, 0.025443632155656815]",CDU/CSU,CDU/CSU
"[0.0005213962867856026, 0.29285338521003723, 0.008505082689225674, 0.008892301470041275, 0.0007401843904517591, 0.6884876489639282]",CDU/CSU,SPD
"[0.0002518212131690234, 0.17901720106601715, 0.01537734642624855, 0.13367454707622528, 0.0002819863730110228, 0.6713970899581909]",SPD,SPD
"[0.0005823569954372942, 0.024653080850839615, 0.009784001857042313, 0.9114899635314941, 0.030222687870264053, 0.023267896845936775]",LINKE,GRÜNE
"[0.08524388074874878, 0.009100758470594883, 0.8657947182655334, 0.013168028555810452, 0.02372143603861332, 0.002971133217215538]",FDP,FDP
"[0.9992095828056335, 0.00029483038815669715, 0.00013310015492606908, 4.096922930330038e-05, 0.0002724767255131155, 4.909425842924975e-05]",AfD,AfD
"[0.0008832477033138275, 0.7088103890419006, 0.04916175454854965, 0.08181430399417877, 0.0015678975032642484, 0.15776243805885315]",CDU/CSU,CDU/CSU
"[0.9446120262145996, 0.03396913781762123, 0.017916297540068626, 0.0018837633542716503, 0.0014165439642965794, 0.00020231014059390873]",AfD,AfD
"[0.0015067089116200805, 0.013060541823506355, 0.10666503757238388, 0.40570685267448425, 0.47154825925827026, 0.0015126059297472239]",LINKE,LINKE
"[0.00016687868628650904, 0.002632291754707694, 0.006837702356278896, 0.9703012108802795, 0.002302220556885004, 0.017759723588824272]",GRÜNE,GRÜNE
"[0.0002489771868567914, 0.01635306514799595, 0.0448366217315197, 0.12187565118074417, 0.001269205124117434, 0.8154165148735046]",SPD,SPD
"[0.8169229030609131, 0.0018587498925626278, 0.005162433721125126, 0.0005155542166903615, 0.17542164027690887, 0.00011875959171447903]",AfD,AfD
"[0.0003022468590643257, 0.008807740174233913, 0.9885477423667908, 0.0015435937093570828, 0.0006101217004470527, 0.00018856469250749797]",FDP,FDP
"[0.00017300379113294184, 0.0020050930324941874, 0.9970489740371704, 0.00011894350609509274, 0.0001304067118326202, 0.0005235694698058069]",FDP,FDP
"[0.044197630137205124, 0.08593794703483582, 0.8664582967758179, 0.00023314461577683687, 0.0024110963568091393, 0.0007618909585289657]",FDP,FDP
"[0.9983255863189697, 0.0007500229403376579, 0.00011145841563120484, 6.967263470869511e-05, 0.0006587005918845534, 8.452949259663001e-05]",AfD,AfD
"[0.000657132244668901, 0.6812048554420471, 0.014179999008774757, 0.0007827937370166183, 0.0011606502812355757, 0.3020145893096924]",SPD,CDU/CSU
"[0.0004762936441693455, 0.010478051379323006, 0.003677468514069915, 0.5658660531044006, 0.41805922985076904, 0.0014429328730329871]",LINKE,GRÜNE
"[0.0003248240682296455, 0.012430714443325996, 0.005912009160965681, 0.35014212131500244, 0.0003298486699350178, 0.630860447883606]",GRÜNE,SPD
"[0.1661434918642044, 0.39008647203445435, 0.08288364857435226, 0.07281927764415741, 0.27647343277931213, 0.011593656614422798]",CDU/CSU,CDU/CSU
"[0.9994102120399475, 0.00014419652870856225, 0.0001756504934746772, 5.287997191771865e-05, 0.00017279665917158127, 4.421547782840207e-05]",AfD,AfD
"[0.000596269965171814, 0.8037668466567993, 0.06530939787626266, 0.005385019816458225, 0.00049928470980376, 0.12444315105676651]",CDU/CSU,CDU/CSU
"[0.001615235349163413, 0.22012796998023987, 0.7172436118125916, 0.04755781218409538, 0.00040730315959081054, 0.013048077002167702]",FDP,FDP
"[0.0006764206336811185, 0.036983754485845566, 0.07483439892530441, 0.8818885684013367, 0.004091657232493162, 0.0015252179000526667]",GRÜNE,GRÜNE
"[0.0002249915705760941, 0.03744646534323692, 0.6703590750694275, 0.032844673842191696, 0.00015408724721055478, 0.258970707654953]",FDP,FDP
"[0.30650678277015686, 0.2207697331905365, 0.04403593763709068, 0.020674534142017365, 0.022479340434074402, 0.3855336606502533]",AfD,SPD
"[0.5252941846847534, 0.01661277934908867, 0.4536023437976837, 0.001423231209628284, 0.0016611042665317655, 0.0014063591370359063]",FDP,AfD
"[0.0009709628066048026, 0.0655900165438652, 0.0023844547104090452, 0.3796626031398773, 0.011782633140683174, 0.5396093130111694]",SPD,SPD
"[0.0001849651162046939, 0.00957084633409977, 0.003946311306208372, 0.9716437458992004, 0.005901000462472439, 0.008753187954425812]",GRÜNE,GRÜNE
"[0.0013622049009427428, 0.4856400489807129, 0.043023258447647095, 0.35691896080970764, 0.008045870810747147, 0.10500966757535934]",CDU/CSU,CDU/CSU
"[0.0002367694251006469, 0.0010667892638593912, 0.8728387951850891, 0.006205820944160223, 0.00017112126806750894, 0.11948058009147644]",FDP,FDP
"[0.001554393325932324, 0.14885365962982178, 0.13365688920021057, 0.7103805541992188, 0.0040485188364982605, 0.001505946391262114]",CDU/CSU,GRÜNE
"[0.00047551971510984004, 0.9828580021858215, 0.00044797881855629385, 0.0005099113914184272, 0.00032237856066785753, 0.015386193059384823]",CDU/CSU,CDU/CSU
"[0.001423065783455968, 0.6221494674682617, 0.3061462640762329, 0.04859963804483414, 0.020622631534934044, 0.0010589491575956345]",CDU/CSU,CDU/CSU
"[0.0012113165576010942, 0.0848158597946167, 0.0017946435837075114, 0.0553504042327404, 0.11087538301944733, 0.7459523677825928]",SPD,SPD
"[0.00025143474340438843, 0.5891031622886658, 0.005535564851015806, 0.004304366186261177, 0.00022119650384411216, 0.40058428049087524]",CDU/CSU,CDU/CSU
"[0.008363723754882812, 0.9090319871902466, 0.050661854445934296, 0.00651367474347353, 0.0019691751804202795, 0.023459505289793015]",AfD,CDU/CSU
"[0.0001641832059249282, 0.01856287196278572, 0.049841586500406265, 0.9286248087882996, 0.0011870519956573844, 0.0016195597127079964]",GRÜNE,GRÜNE
"[0.013951669447124004, 0.33249619603157043, 0.37074050307273865, 0.09798603504896164, 0.004691415000706911, 0.18013419210910797]",FDP,FDP
"[0.00041146078729070723, 0.10842479765415192, 0.2767370045185089, 0.5477811098098755, 0.0017713136039674282, 0.06487434357404709]",GRÜNE,GRÜNE
"[0.0003767940797843039, 0.032380204647779465, 0.08372962474822998, 0.8638288974761963, 0.01046094112098217, 0.009223486296832561]",GRÜNE,GRÜNE
"[0.009847023524343967, 0.11171957850456238, 0.8108333349227905, 0.019181860610842705, 0.0032677832059562206, 0.045150451362133026]",FDP,FDP
"[0.2410438507795334, 0.7187651991844177, 0.029944254085421562, 0.0011838262435048819, 0.0052117519080638885, 0.003851131070405245]",CDU/CSU,CDU/CSU
"[0.00022271243506111205, 0.9178351163864136, 0.028250427916646004, 0.0013292303774505854, 0.00013497145846486092, 0.05222754925489426]",CDU/CSU,CDU/CSU
"[0.9758419990539551, 0.0037253510672599077, 0.019138174131512642, 0.0007329297950491309, 0.0004231413477100432, 0.00013843913620803505]",FDP,AfD
"[0.0003040701267309487, 0.00031052989652380347, 0.00014548783656209707, 0.000323313579428941, 0.9981101155281067, 0.0008065380388870835]",LINKE,LINKE
"[0.00048299296759068966, 0.3049274981021881, 0.06026525795459747, 0.03135887160897255, 0.013673787005245686, 0.5892916321754456]",CDU/CSU,SPD
"[0.0002445896388962865, 0.002323292661458254, 0.0007309528300538659, 0.9432080984115601, 0.051825013011693954, 0.0016680466942489147]",GRÜNE,GRÜNE
"[0.00023506283469032496, 0.0002863871632143855, 0.0017559941625222564, 0.2910681664943695, 0.00018881312280427665, 0.7064655423164368]",SPD,SPD
"[0.004655613098293543, 0.24066023528575897, 0.5318464636802673, 0.15327201783657074, 0.0017670714296400547, 0.06779852509498596]",FDP,FDP
"[0.000518503540661186, 0.8566591739654541, 0.10019123554229736, 0.008636788465082645, 0.0001526096457382664, 0.03384169191122055]",CDU/CSU,CDU/CSU
"[0.00023610425705555826, 0.9282756447792053, 0.010886706411838531, 0.002499197144061327, 0.00014379230560734868, 0.05795849487185478]",CDU/CSU,CDU/CSU
"[0.00010303288581781089, 0.00722661055624485, 0.0005237284349277616, 0.0022311201319098473, 0.0002359741774853319, 0.9896795749664307]",SPD,SPD
"[0.001593864755704999, 0.8286393284797668, 0.036328285932540894, 0.03451984003186226, 0.017908433452248573, 0.08101022243499756]",CDU/CSU,CDU/CSU
"[0.0007189313182607293, 0.23106789588928223, 0.039921704679727554, 0.4772678315639496, 0.06542672961950302, 0.18559689819812775]",GRÜNE,GRÜNE
"[0.4399310052394867, 0.05569886043667793, 0.42623278498649597, 0.039934415370225906, 0.0016693937359377742, 0.036533553153276443]",AfD,AfD
"[0.21157753467559814, 0.22906579077243805, 0.512522280216217, 0.010135085321962833, 0.006952427327632904, 0.029746903106570244]",FDP,FDP
"[0.00012273399624973536, 0.001593368244357407, 0.0014808690175414085, 0.9747440218925476, 0.021633531898260117, 0.0004254415980540216]",GRÜNE,GRÜNE
"[0.993411660194397, 0.0029491258319467306, 0.002596977399662137, 0.00021695526083931327, 0.0002686251827981323, 0.0005565523752011359]",AfD,AfD
"[0.0001653447689022869, 0.0018996561411768198, 0.01957867294549942, 0.9547162055969238, 0.018663596361875534, 0.004976421594619751]",GRÜNE,GRÜNE
"[0.0004082248196937144, 0.28745031356811523, 0.023602966219186783, 0.015918957069516182, 0.0004768865182995796, 0.6721426248550415]",SPD,SPD
"[0.9981933236122131, 0.00033208850072696805, 0.0012392925564199686, 7.486266986234114e-05, 7.907073450041935e-05, 8.14215381979011e-05]",AfD,AfD
"[0.00019111025903839618, 0.0023708262015134096, 0.0005292960559017956, 0.04085676744580269, 0.9516708254814148, 0.004381138831377029]",LINKE,LINKE
"[0.0003819783159997314, 0.5299236178398132, 0.025469528511166573, 0.003092388855293393, 0.002127352636307478, 0.43900516629219055]",SPD,CDU/CSU
"[0.0006985015934333205, 0.034130580723285675, 0.4367978572845459, 0.26486438512802124, 0.0019706091843545437, 0.2615380883216858]",FDP,FDP
"[0.002185318386182189, 0.6702808141708374, 0.0005705242510885, 0.003042879281565547, 0.01086728647351265, 0.3130532205104828]",CDU/CSU,CDU/CSU
"[0.0008842127281241119, 0.4521450400352478, 0.31802695989608765, 0.12142599374055862, 0.0017718733288347721, 0.10574592649936676]",CDU/CSU,CDU/CSU
"[0.9994542002677917, 0.00017191426013596356, 0.00012528480147011578, 6.0229831433389336e-05, 0.0001160960309789516, 7.22265976946801e-05]",AfD,AfD
"[0.7070164680480957, 0.0936470776796341, 0.1947709619998932, 0.0023397367913275957, 0.0009651286527514458, 0.0012607109965756536]",AfD,AfD
"[0.00039334059692919254, 0.16083095967769623, 0.001010856474749744, 0.00047886266838759184, 0.00034848047653213143, 0.836937427520752]",SPD,SPD
"[0.8264593482017517, 0.06139356642961502, 0.09788671135902405, 0.0038133368361741304, 0.0038601013366132975, 0.006586884148418903]",AfD,AfD
"[0.002189795020967722, 0.6527271270751953, 0.29272258281707764, 0.0064395638182759285, 0.004189824219793081, 0.04173114523291588]",CDU/CSU,CDU/CSU
"[0.00019114580936729908, 0.5146344304084778, 0.006922094151377678, 0.005205815192312002, 0.00043509379611350596, 0.4726114273071289]",CDU/CSU,CDU/CSU
"[0.032170619815588, 0.14712633192539215, 0.6780964136123657, 0.07086610794067383, 0.0713253766298294, 0.0004150848835706711]",FDP,FDP
"[0.000654354807920754, 0.34363028407096863, 0.6054503321647644, 0.0149586396291852, 0.0006620681378990412, 0.03464428335428238]",GRÜNE,FDP
"[0.026903968304395676, 0.9384848475456238, 0.0015504444018006325, 0.0018766431603580713, 0.030892375856637955, 0.0002916895318776369]",CDU/CSU,CDU/CSU
"[0.00019444861391093582, 0.036837782710790634, 0.017557336017489433, 0.8173675537109375, 0.0021841966081410646, 0.12585873901844025]",GRÜNE,GRÜNE
"[0.0003422398294787854, 0.43819552659988403, 0.037782229483127594, 0.005917449481785297, 0.0003052217070944607, 0.5174573659896851]",CDU/CSU,SPD
"[0.0008967496687546372, 0.032640907913446426, 0.1713256984949112, 0.7641406059265137, 0.0006489329389296472, 0.030347073450684547]",GRÜNE,GRÜNE
"[0.003199627622961998, 0.33000054955482483, 0.4101545512676239, 0.17225682735443115, 0.013431839644908905, 0.07095658034086227]",CDU/CSU,FDP
"[0.000412108056480065, 0.058064673095941544, 0.005735103040933609, 0.8496232628822327, 0.08380848169326782, 0.002356351353228092]",GRÜNE,GRÜNE
"[0.00027366323047317564, 0.9216489791870117, 0.006031714379787445, 0.0009239811333827674, 0.0005963246221654117, 0.07052533328533173]",CDU/CSU,CDU/CSU
"[0.0006448443746194243, 0.7625476121902466, 0.014560602605342865, 0.0002892550837714225, 0.0005867061554454267, 0.22137096524238586]",CDU/CSU,CDU/CSU
"[0.013157639652490616, 0.4874321222305298, 0.24401350319385529, 0.07080810517072678, 0.007887843064963818, 0.17670072615146637]",CDU/CSU,CDU/CSU
"[0.00020054084598086774, 0.0011344781378284097, 0.0009143739589489996, 0.5409472584724426, 0.0005916614318266511, 0.456211656332016]",SPD,GRÜNE
"[0.0001840748154791072, 0.0008642698521725833, 0.0016007771482691169, 0.9929536581039429, 0.0012421683641150594, 0.0031549665145576]",GRÜNE,GRÜNE
"[0.0001702026347629726, 0.007199311163276434, 0.01568448171019554, 0.06501037627458572, 0.0003624364035204053, 0.9115731716156006]",SPD,SPD
"[0.4698915481567383, 0.39586079120635986, 0.006663188338279724, 0.0036730365827679634, 0.12304380536079407, 0.0008676172001287341]",AfD,AfD
"[0.0012538336450234056, 0.40500664710998535, 0.0916299819946289, 0.46569880843162537, 0.02942967414855957, 0.006981110665947199]",LINKE,GRÜNE
"[0.0020229911897331476, 0.46435460448265076, 0.0008602644084021449, 0.03854933753609657, 0.49130725860595703, 0.0029055504128336906]",LINKE,LINKE
"[0.00047365896170958877, 0.024979863315820694, 0.05394705757498741, 0.5790919661521912, 0.0006374971708282828, 0.3408699035644531]",GRÜNE,GRÜNE
"[0.0006062494358047843, 0.7782753705978394, 0.009501977823674679, 0.034350376576185226, 0.003173102391883731, 0.1740928739309311]",CDU/CSU,CDU/CSU
"[0.9990301132202148, 0.0005140937864780426, 0.00017661016318015754, 0.00010573058534646407, 4.481634823605418e-05, 0.0001285939069930464]",AfD,AfD
"[0.0019342255545780063, 0.00763460760936141, 0.9575198292732239, 0.016224335879087448, 0.010579697787761688, 0.0061072842217981815]",FDP,FDP
"[0.0002895684156101197, 0.010693665593862534, 0.000613254145719111, 0.9814070463180542, 0.0004913582815788686, 0.006505139172077179]",GRÜNE,GRÜNE
"[0.00017075982759706676, 0.00031629635486751795, 0.998989462852478, 0.00020783860236406326, 0.00010325087350793183, 0.00021238256886135787]",FDP,FDP
"[0.0004132501198910177, 0.0016288566403090954, 0.04846856743097305, 0.5357531905174255, 0.00025045889196917415, 0.41348564624786377]",GRÜNE,GRÜNE
"[0.0010876684682443738, 0.23234808444976807, 0.3796997666358948, 0.09219317138195038, 0.0032368083484470844, 0.29143446683883667]",CDU/CSU,FDP
"[0.0004482280055526644, 0.018624454736709595, 0.13810516893863678, 0.17733053863048553, 0.00016297279216814786, 0.6653286218643188]",FDP,SPD
"[0.9981955885887146, 0.0009288440924137831, 0.0003415187820792198, 0.00010213493078481406, 0.00021209150145296007, 0.000219815963646397]",AfD,AfD
"[0.0005522051942534745, 0.008142494596540928, 0.0007721761357970536, 0.042526695877313614, 0.7480444312095642, 0.1999620944261551]",LINKE,LINKE
"[0.007701358292251825, 0.40471601486206055, 0.5408755540847778, 0.029342761263251305, 0.005790953058749437, 0.011573348194360733]",FDP,FDP
"[0.0007434068247675896, 0.9492939114570618, 0.04522969201207161, 0.0035305197816342115, 0.00034393297391943634, 0.0008584411698393524]",CDU/CSU,CDU/CSU
"[0.003816078882664442, 0.02038516290485859, 0.03370634838938713, 0.1901157647371292, 0.7491633296012878, 0.002813315484672785]",LINKE,LINKE
"[0.0003874767280649394, 0.7310465574264526, 0.015539510175585747, 0.0012801834382116795, 0.00026034709298983216, 0.2514859139919281]",CDU/CSU,CDU/CSU
"[0.0001994547201320529, 0.0015098489820957184, 0.3625737130641937, 0.06625794619321823, 0.30339837074279785, 0.26606065034866333]",GRÜNE,FDP
"[0.999005138874054, 0.00023384345695376396, 0.00011615724361035973, 5.449499803944491e-05, 0.0005460968823172152, 4.430412082001567e-05]",AfD,AfD
"[0.0015755710192024708, 0.12195896357297897, 0.3450150489807129, 0.19532237946987152, 0.007808865047991276, 0.3283191919326782]",CDU/CSU,FDP
"[0.00024432671489194036, 0.00010295675019733608, 0.0031080180779099464, 0.9292358160018921, 0.0009536247234791517, 0.06635524332523346]",GRÜNE,GRÜNE
"[0.9955402612686157, 0.0023815385065972805, 0.0015101172029972076, 0.0001693296362645924, 6.739039235981181e-05, 0.00033131823875010014]",AfD,AfD
"[0.00033485807944089174, 0.1188429594039917, 0.04584112390875816, 0.010777014307677746, 0.00014558098337147385, 0.824058473110199]",SPD,SPD
"[0.019044555723667145, 0.2625928521156311, 0.5887067317962646, 0.008797599002718925, 0.006249730475246906, 0.114608533680439]",FDP,FDP
"[0.025580625981092453, 0.9608585834503174, 0.0044731153175234795, 0.00040165730752050877, 0.008384792134165764, 0.00030124583281576633]",CDU/CSU,CDU/CSU
"[0.002776036038994789, 0.001776152872480452, 0.4192594587802887, 0.5090091824531555, 0.03724062442779541, 0.029938584193587303]",GRÜNE,GRÜNE
"[0.0006348559982143342, 0.19933873414993286, 0.572121798992157, 0.18780189752578735, 0.0005069059552624822, 0.0395958237349987]",FDP,FDP
"[0.0700611099600792, 0.058621060103178024, 0.8548969626426697, 0.006562301889061928, 0.009665379300713539, 0.00019314467499498278]",AfD,FDP
"[0.00013659089745488018, 0.00019187116413377225, 6.39084682916291e-05, 0.0037251217290759087, 0.9953820705413818, 0.0005004263948649168]",LINKE,LINKE
"[0.0009300239617004991, 0.0033754126634448767, 0.0019535389728844166, 0.879204511642456, 0.08842392265796661, 0.026112547144293785]",LINKE,GRÜNE
"[0.9976298809051514, 0.0010617353254929185, 0.0010329624637961388, 9.844621672527865e-05, 0.00012043782044202089, 5.6445805967086926e-05]",AfD,AfD
"[0.0002968951594084501, 0.03466014936566353, 0.18713407218456268, 0.07036309689283371, 0.00040436835843138397, 0.7071413993835449]",FDP,SPD
"[0.0005533389048650861, 0.00014152057701721787, 7.171914330683649e-05, 0.0007016880554147065, 0.9982642531394958, 0.0002673812850844115]",LINKE,LINKE
"[0.007602747529745102, 0.06878161430358887, 0.21158647537231445, 0.10943758487701416, 0.5359140634536743, 0.06667754799127579]",LINKE,LINKE
"[0.0005157013074494898, 0.7814615368843079, 0.21142083406448364, 0.0016922635259106755, 0.0015022302977740765, 0.003407499985769391]",CDU/CSU,CDU/CSU
"[0.0003782803541980684, 0.004310158081352711, 0.09834644943475723, 0.4663614332675934, 0.0003148689866065979, 0.43028879165649414]",GRÜNE,GRÜNE
"[0.995330810546875, 0.0006509085069410503, 0.002243567490950227, 0.00023210929066408426, 0.0013899327022954822, 0.00015267579874489456]",AfD,AfD
"[0.0002729737898334861, 0.011386306956410408, 0.012561808340251446, 0.4529365301132202, 0.00647359061986208, 0.5163688063621521]",GRÜNE,SPD
"[0.00018688783165998757, 0.13100910186767578, 0.10217852890491486, 0.4230920970439911, 0.0005380141083151102, 0.34299537539482117]",GRÜNE,GRÜNE
"[0.0023092906922101974, 0.11925646662712097, 0.4034394323825836, 0.3163541555404663, 0.025665394961833954, 0.1329752653837204]",GRÜNE,FDP
"[0.007928951643407345, 0.08784946799278259, 0.8837776184082031, 0.0016790484078228474, 0.00044335261918604374, 0.018321478739380836]",FDP,FDP
"[0.0010213572531938553, 0.0017694485140964389, 0.002592167817056179, 0.7343595027923584, 0.03891376033425331, 0.22134369611740112]",GRÜNE,GRÜNE
"[0.0015248010167852044, 0.006693296600133181, 0.5231079459190369, 0.39208874106407166, 0.0015013831434771419, 0.07508381456136703]",SPD,FDP
"[0.003992774989455938, 0.30437636375427246, 0.532344400882721, 0.14658448100090027, 0.009209936484694481, 0.0034920021425932646]",FDP,FDP
"[0.0005309911794029176, 0.5830625891685486, 0.0021240448113530874, 0.0006338331149891019, 0.0004018782638013363, 0.41324669122695923]",CDU/CSU,CDU/CSU
"[0.0019902095664292574, 0.03646310418844223, 0.23491761088371277, 0.5852769017219543, 0.014342064037919044, 0.12701016664505005]",GRÜNE,GRÜNE
"[0.0005723190261051059, 0.0009734899504110217, 0.7356302738189697, 0.054198820143938065, 0.00037438434083014727, 0.20825070142745972]",FDP,FDP
"[0.0005603193421848118, 0.8878598809242249, 0.0368790440261364, 0.0004441319906618446, 0.0002582499582786113, 0.07399838417768478]",CDU/CSU,CDU/CSU
"[0.0003781118430197239, 0.9138889908790588, 0.056874435395002365, 0.0024656292516738176, 0.0006945003406144679, 0.025698313489556313]",CDU/CSU,CDU/CSU
"[0.00038043479435145855, 0.940155565738678, 0.00357458065263927, 0.001130289863795042, 0.0011654942063614726, 0.05359368026256561]",FDP,CDU/CSU
"[0.0009812817443162203, 0.026632921770215034, 0.11313681304454803, 0.47753217816352844, 0.0009890072979032993, 0.38072776794433594]",FDP,GRÜNE
"[0.0007101926021277905, 0.9119887351989746, 0.07619394361972809, 0.0013637441443279386, 0.009304255247116089, 0.00043916894355788827]",CDU/CSU,CDU/CSU
"[0.00010465532977832481, 0.0020649279467761517, 0.00279316958039999, 0.02829228714108467, 0.0001668053155299276, 0.9665782451629639]",SPD,SPD
"[0.0012704108376055956, 0.04718295857310295, 0.4470519423484802, 0.2257736623287201, 0.0004122219979763031, 0.27830880880355835]",FDP,FDP
"[0.0029102452099323273, 0.16493897140026093, 0.7865641117095947, 0.0029404766391962767, 0.010723493061959743, 0.03192276135087013]",FDP,FDP
"[0.8806484937667847, 0.040220193564891815, 0.07300890982151031, 0.0021640483755618334, 0.0011960191186517477, 0.0027622529305517673]",AfD,AfD
"[0.0011120762210339308, 0.47805193066596985, 0.023670747876167297, 0.07476440072059631, 0.10500933974981308, 0.3173915147781372]",CDU/CSU,CDU/CSU
"[0.0006298795924521983, 0.27066001296043396, 0.0092860646545887, 0.007669718470424414, 0.0006549457903020084, 0.71109938621521]",SPD,SPD
"[0.0007682570721954107, 0.632344126701355, 0.003685811534523964, 0.022893179208040237, 0.0022791633382439613, 0.3380294442176819]",CDU/CSU,CDU/CSU
"[0.9980144500732422, 0.0014519195538014174, 0.00016672280617058277, 8.50076976348646e-05, 0.00016851101827342063, 0.00011333253496559337]",AfD,AfD
"[0.00040986950625665486, 0.5128620862960815, 0.024159859865903854, 0.03711365908384323, 0.00047872535651549697, 0.42497578263282776]",SPD,CDU/CSU
"[0.0005471881595440209, 0.0002805389231070876, 0.007394255604594946, 0.6002271175384521, 0.0003838214324787259, 0.3911670744419098]",SPD,GRÜNE
"[0.0004182758857496083, 0.0008973371586762369, 0.0002733040601015091, 0.9274513721466064, 0.024504996836185455, 0.0464547798037529]",GRÜNE,GRÜNE
"[0.004525545984506607, 0.3912719786167145, 0.07356409728527069, 0.4581727087497711, 0.004829101730138063, 0.06763655692338943]",GRÜNE,GRÜNE
"[0.000587421644013375, 0.003111029975116253, 0.015596029348671436, 0.20484139025211334, 0.0008535950328223407, 0.7750105261802673]",SPD,SPD
"[0.00019712434732355177, 0.005482419393956661, 0.0014901208924129605, 0.0024638448376208544, 0.00027389725437387824, 0.9900925755500793]",SPD,SPD
"[0.8934725522994995, 0.01281699538230896, 0.09250342845916748, 0.00036765201366506517, 0.00022432988043874502, 0.000615032680798322]",AfD,AfD
"[0.5545864105224609, 0.011190596036612988, 0.41181012988090515, 0.006127465050667524, 0.0016264418372884393, 0.014658917672932148]",AfD,AfD
"[0.00438398402184248, 0.8897405862808228, 0.01743505336344242, 0.006324616260826588, 0.0016639236127957702, 0.08045179396867752]",CDU/CSU,CDU/CSU
"[0.0019488692050799727, 0.4117644429206848, 0.19634470343589783, 0.016679935157299042, 0.019621964544057846, 0.353640079498291]",SPD,CDU/CSU
"[0.00021369154273997992, 0.00016612865147180855, 0.0002139763382729143, 0.011962471529841423, 0.987240195274353, 0.0002035309444181621]",LINKE,LINKE
"[0.00019041553605347872, 0.0030714611057192087, 0.02042490988969803, 0.5871392488479614, 0.0004546498821582645, 0.38871926069259644]",SPD,GRÜNE
"[0.0010303128510713577, 0.6242346167564392, 0.002336595207452774, 0.006387295201420784, 0.34253257513046265, 0.023478593677282333]",LINKE,CDU/CSU
"[0.0004024822264909744, 0.020035792142152786, 0.9348543286323547, 0.01094197016209364, 0.00024295558978337795, 0.03352247551083565]",FDP,FDP
"[0.00027771032182499766, 0.12432113289833069, 0.5595592856407166, 0.01735084317624569, 0.00017864660185296088, 0.29831239581108093]",SPD,FDP
"[0.0003331027692183852, 0.11721265316009521, 0.8766784071922302, 0.00382056157104671, 0.00015084368351381272, 0.0018045175820589066]",CDU/CSU,FDP
"[0.0006430314388126135, 0.08656133711338043, 0.10736137628555298, 0.6688137650489807, 0.0031158083584159613, 0.13350465893745422]",FDP,GRÜNE
"[0.0008275170694105327, 0.11757184565067291, 0.5911408066749573, 0.027779031544923782, 0.0005870890454389155, 0.2620936930179596]",FDP,FDP
"[0.24513696134090424, 0.035412758588790894, 0.049364134669303894, 0.08276046812534332, 0.5857789516448975, 0.001546743675135076]",LINKE,LINKE
"[0.0005614046240225434, 0.3794572949409485, 0.4947904050350189, 0.03306363523006439, 0.0008430193411186337, 0.09128426760435104]",CDU/CSU,FDP
"[0.011892947368323803, 0.9813141822814941, 0.003642456838861108, 0.00015706133854109794, 0.0013142306124791503, 0.0016791265225037932]",CDU/CSU,CDU/CSU
"[5.141465589986183e-05, 0.002816175576299429, 0.004020224791020155, 0.0020636238623410463, 0.00038544731796719134, 0.9906631112098694]",SPD,SPD
"[0.00022519285266753286, 0.28878796100616455, 0.01893802359700203, 0.07643022388219833, 0.00845117587596178, 0.6071674227714539]",SPD,SPD
"[0.0011912770569324493, 0.16877961158752441, 0.05387657880783081, 0.08793437480926514, 0.001352527178823948, 0.6868655681610107]",SPD,SPD
"[0.03746059536933899, 0.006427513901144266, 0.937484622001648, 0.012231629341840744, 0.003622420597821474, 0.0027732690796256065]",FDP,FDP
"[0.00040773925138637424, 0.018272200599312782, 0.08604331314563751, 0.1326235830783844, 0.000789553509093821, 0.761863648891449]",SPD,SPD
"[0.0019091301364824176, 0.008723951876163483, 0.08854487538337708, 0.5648015141487122, 0.011805589310824871, 0.324214905500412]",SPD,GRÜNE
"[4.861347406404093e-05, 0.00125270860735327, 0.9979854822158813, 0.00023846214753575623, 9.14401316549629e-05, 0.00038325373316183686]",FDP,FDP
"[0.9930481314659119, 0.0023230647202581167, 0.00412227027118206, 0.00017589065828360617, 8.021465328056365e-05, 0.00025047973031178117]",AfD,AfD
"[0.006343169137835503, 0.8924965858459473, 0.06832309812307358, 0.0005284755025058985, 0.031901679933071136, 0.0004069798160344362]",CDU/CSU,CDU/CSU
"[0.0019201632821932435, 0.002133630681782961, 0.472577303647995, 0.5134297609329224, 0.008139158599078655, 0.001800051424652338]",GRÜNE,GRÜNE
"[0.0006148314569145441, 0.8932288885116577, 0.006978207267820835, 0.004152659792453051, 0.04898541048169136, 0.04604000970721245]",CDU/CSU,CDU/CSU
"[0.0006562097696587443, 0.15398046374320984, 0.5318740606307983, 0.0565919503569603, 0.00019338331185281277, 0.2567038834095001]",CDU/CSU,FDP
"[0.00024953376851044595, 6.645972462138161e-05, 5.456162034533918e-05, 0.00029930975870229304, 0.9992499947547913, 8.008749864529818e-05]",LINKE,LINKE
"[0.022241022437810898, 0.7531918287277222, 0.16128182411193848, 0.02226530946791172, 0.03877434879541397, 0.0022457283921539783]",CDU/CSU,CDU/CSU
"[0.0003847036568913609, 0.9924112558364868, 0.0036630346439778805, 0.0002768462582025677, 0.0007681702263653278, 0.002496052533388138]",CDU/CSU,CDU/CSU
"[0.9994767904281616, 0.0002352137817069888, 9.075125126400962e-05, 4.6491375542245805e-05, 9.554488497087732e-05, 5.528045221581124e-05]",AfD,AfD
"[0.00012649429845623672, 0.019276920706033707, 0.00394549872726202, 0.02666177600622177, 0.00023681443417444825, 0.9497524499893188]",SPD,SPD
"[0.00040849833749234676, 0.5397143363952637, 0.24626071751117706, 0.04705774784088135, 0.004201136063784361, 0.16235753893852234]",SPD,CDU/CSU
"[0.010692634619772434, 0.8823937773704529, 0.014500927180051804, 0.0033307764679193497, 0.0014890945749357343, 0.08759281039237976]",CDU/CSU,CDU/CSU
"[0.09588874876499176, 0.17594754695892334, 0.7154138684272766, 0.0014707398368045688, 0.010749563574790955, 0.0005295214941725135]",FDP,FDP
"[0.0005168807692825794, 0.25728124380111694, 0.045813146978616714, 0.14815883338451385, 0.009285618551075459, 0.5389442443847656]",CDU/CSU,SPD
"[0.00038619921542704105, 0.06804274767637253, 0.003185453824698925, 0.0101447943598032, 0.00048147293273359537, 0.917759358882904]",SPD,SPD
"[0.0003872640954796225, 0.003599481424316764, 0.004119054414331913, 0.10496827214956284, 0.001001065713353455, 0.8859248161315918]",SPD,SPD
"[0.0036036015953868628, 0.9079744219779968, 0.05615382269024849, 0.003045495366677642, 0.014074002392590046, 0.01514860987663269]",CDU/CSU,CDU/CSU
"[0.0007383464835584164, 0.08615615963935852, 0.19652926921844482, 0.13282401859760284, 0.0024563272017985582, 0.581295907497406]",CDU/CSU,SPD
"[0.0002854964986909181, 0.4269087314605713, 0.13710658252239227, 0.3041324317455292, 0.0018671603174880147, 0.12969957292079926]",CDU/CSU,CDU/CSU
"[0.00033223029458895326, 0.8678479194641113, 0.0012371286284178495, 0.0004841567715629935, 0.00021331533207558095, 0.1298852264881134]",CDU/CSU,CDU/CSU
"[0.0006902480381540954, 0.160440593957901, 0.1609487533569336, 0.05965666472911835, 0.0007451139972545207, 0.6175186038017273]",CDU/CSU,SPD
"[0.0005576979019679129, 0.9463788866996765, 0.03601262345910072, 0.010195666924118996, 0.002522298600524664, 0.004332787357270718]",CDU/CSU,CDU/CSU
"[0.9955329895019531, 0.0023317565210163593, 0.0014637317508459091, 0.00011075687507400289, 0.00020421155204530805, 0.00035656572435982525]",AfD,AfD
"[0.00010354679398005828, 0.00029912556055933237, 0.9986678957939148, 0.00019004722707904875, 8.980694110505283e-05, 0.00064959900919348]",FDP,FDP
"[0.9794862270355225, 0.001497249468229711, 0.0012932331301271915, 0.00047995374188758433, 0.016527025029063225, 0.000716286594979465]",AfD,AfD
"[0.0004634285578504205, 0.969750702381134, 0.0003879726864397526, 0.000357202225131914, 0.000317075930070132, 0.028723588213324547]",CDU/CSU,CDU/CSU
"[0.0039510889910161495, 0.48131969571113586, 0.1316407024860382, 0.010172401554882526, 0.002674996154382825, 0.37024107575416565]",CDU/CSU,CDU/CSU
"[0.0010476578027009964, 0.44518470764160156, 0.04891173914074898, 0.07493540644645691, 0.003936685621738434, 0.42598381638526917]",CDU/CSU,CDU/CSU
"[0.000677195203024894, 0.7466948628425598, 0.02503260411322117, 0.003136430634185672, 0.00020344390941318125, 0.22425538301467896]",CDU/CSU,CDU/CSU
"[0.0002978022093884647, 0.6348060369491577, 0.26923277974128723, 0.0012144651263952255, 0.00036831811303272843, 0.0940806046128273]",CDU/CSU,CDU/CSU
"[0.000709915766492486, 0.14415112137794495, 0.10198286175727844, 0.32071447372436523, 0.0016772442031651735, 0.4307643473148346]",SPD,SPD
"[0.00046808100887574255, 0.1202063113451004, 0.035147033631801605, 0.6891399621963501, 0.000552752404473722, 0.15448585152626038]",GRÜNE,GRÜNE
"[0.9981024861335754, 0.00016393377154599875, 0.00047417738824151456, 0.00012852843792643398, 0.0010475610615685582, 8.340950444107875e-05]",AfD,AfD
"[0.002629938069730997, 0.10632385313510895, 0.8741909265518188, 0.00036843036650680006, 0.00539602804929018, 0.0110907768830657]",FDP,FDP
"[0.0011958489194512367, 0.07368387281894684, 0.9177525639533997, 0.0012292760657146573, 0.00035416262107901275, 0.005784320179373026]",FDP,FDP
"[0.0002423103724140674, 0.0058100526221096516, 0.005677113309502602, 0.01711421087384224, 0.0001550313172629103, 0.9710012674331665]",SPD,SPD
"[0.00041386380326002836, 0.016964493319392204, 0.03842468932271004, 0.350754052400589, 0.0017622750019654632, 0.5916805863380432]",SPD,SPD
"[0.00941217876970768, 0.6872330904006958, 0.15089204907417297, 0.013234064914286137, 0.06660934537649155, 0.07261922955513]",CDU/CSU,CDU/CSU
"[0.008016406558454037, 0.0060273692943155766, 0.004280851688235998, 0.20647479593753815, 0.6752700209617615, 0.09993055462837219]",LINKE,LINKE
"[0.0027250011917203665, 0.48650872707366943, 0.3980761766433716, 0.06726638227701187, 0.042195986956357956, 0.0032277111895382404]",FDP,CDU/CSU
"[0.0003282073594164103, 0.003956509754061699, 0.001896772882901132, 0.04652595520019531, 0.05382849648594856, 0.8934639096260071]",SPD,SPD
"[0.0003094766871072352, 0.5231216549873352, 0.01773415319621563, 0.002105719642713666, 0.000890479190275073, 0.4558385908603668]",CDU/CSU,CDU/CSU
"[0.0060973879881203175, 0.25942885875701904, 0.12628966569900513, 0.2443772405385971, 0.017080824822187424, 0.34672603011131287]",FDP,SPD
"[0.00011217106657568365, 0.0009129244135692716, 0.9962800741195679, 0.0015204001683741808, 6.398773984983563e-05, 0.0011104783043265343]",FDP,FDP
"[0.9983064532279968, 0.0008614202961325645, 0.0006048201466910541, 5.526738823391497e-05, 0.00011411387822590768, 5.807285197079182e-05]",AfD,AfD
"[0.9547920227050781, 0.037641048431396484, 0.0012422972358763218, 0.0001920066715683788, 0.005126600619405508, 0.0010060430504381657]",AfD,AfD
"[0.475643515586853, 0.49119430780410767, 0.026956604793667793, 0.0010743378661572933, 0.000582861655857414, 0.004548332188278437]",FDP,CDU/CSU
"[0.001527144922874868, 0.24921126663684845, 0.07217654585838318, 0.6438412666320801, 0.009512403048574924, 0.023731345310807228]",GRÜNE,GRÜNE
"[0.004583272617310286, 0.9886671304702759, 0.00438303966075182, 0.00020619815040845424, 0.0017867905553430319, 0.00037361131398938596]",CDU/CSU,CDU/CSU
"[0.000199962523765862, 0.020918620750308037, 0.04794749617576599, 0.38390448689460754, 0.000841081899125129, 0.5461883544921875]",SPD,SPD
"[0.000647893117275089, 0.10545527189970016, 0.21344773471355438, 0.6567078232765198, 0.0014383867383003235, 0.022302880883216858]",FDP,GRÜNE
"[7.61720584705472e-05, 0.0006998064927756786, 0.0018106451025232673, 0.03842504695057869, 0.00024714370374567807, 0.9587411284446716]",SPD,SPD
"[0.0003479262231849134, 0.0015645984094589949, 0.006193368695676327, 0.20657047629356384, 0.7846078872680664, 0.000715780071914196]",LINKE,LINKE
"[0.00017889621085487306, 0.4091816544532776, 0.08146359026432037, 0.031404994428157806, 0.0011646744096651673, 0.47660619020462036]",CDU/CSU,SPD
"[0.00020988195319660008, 0.0059362356550991535, 0.0432886965572834, 0.8652415871620178, 0.0014740427723154426, 0.08384957909584045]",GRÜNE,GRÜNE
"[0.0002661941107362509, 0.0002978309348691255, 0.00029725584317930043, 0.006182553246617317, 0.9926192760467529, 0.00033688978874124587]",LINKE,LINKE
"[0.00023471923486795276, 0.11662408709526062, 0.034726452082395554, 0.1985047608613968, 0.0002489587932359427, 0.6496610641479492]",SPD,SPD
"[0.014405492693185806, 0.11830013245344162, 0.2503708302974701, 0.5635169148445129, 0.025568217039108276, 0.02783837355673313]",LINKE,GRÜNE
"[0.0006450727232731879, 0.7373123168945312, 0.23736751079559326, 0.011738292872905731, 0.000819384353235364, 0.01211741752922535]",CDU/CSU,CDU/CSU
"[0.0012601224007084966, 0.26415520906448364, 0.15954861044883728, 0.1321743130683899, 0.0035638974513858557, 0.4392978549003601]",FDP,SPD
"[0.0017352337017655373, 0.8706193566322327, 0.058487068861722946, 0.0007544701802544296, 0.00011935439397348091, 0.0682845190167427]",CDU/CSU,CDU/CSU
"[0.00028967493562959135, 0.15739309787750244, 0.009050240740180016, 0.03210048750042915, 0.0003469768853392452, 0.8008195757865906]",SPD,SPD
"[0.0005196220008656383, 0.012533104047179222, 0.007175563834607601, 0.44695475697517395, 0.49503228068351746, 0.03778466954827309]",FDP,LINKE
"[0.0005829897709190845, 0.018642857670783997, 0.09328456968069077, 0.06599067151546478, 0.00041152045014314353, 0.8210874795913696]",SPD,SPD
"[0.0001958076754817739, 0.2811275124549866, 0.01620328612625599, 0.004668412264436483, 0.0001130560995079577, 0.6976919174194336]",SPD,SPD
"[0.00025447073858231306, 0.01185765489935875, 0.0027738078497350216, 0.0022443642374128103, 0.00017231906531378627, 0.9826973676681519]",SPD,SPD
"[0.9979830980300903, 0.0006431150832213461, 0.0009171803831122816, 0.00011683436605380848, 0.00013847352238371968, 0.00020128113101236522]",AfD,AfD
"[0.018118875101208687, 0.059758447110652924, 0.7532311677932739, 0.0748048722743988, 0.06507597863674164, 0.029010608792304993]",LINKE,FDP
"[0.00046590378042310476, 0.34480562806129456, 0.465681791305542, 0.013513664714992046, 0.0008346338290721178, 0.17469842731952667]",FDP,FDP
"[0.00219901604577899, 0.02676576003432274, 0.05629890784621239, 0.5792670249938965, 0.3347629904747009, 0.0007063361699692905]",GRÜNE,GRÜNE
"[0.012655273079872131, 0.8389689922332764, 0.06359095126390457, 0.04111718758940697, 0.00830966979265213, 0.03535796329379082]",CDU/CSU,CDU/CSU
"[0.00025041538174264133, 0.0016884036595001817, 0.0005746324895881116, 0.7907615303993225, 0.20448292791843414, 0.002242068760097027]",LINKE,GRÜNE
"[0.9849865436553955, 0.0014720696490257978, 0.010200375691056252, 0.0004456484748516232, 0.0025385974440723658, 0.0003567625244613737]",FDP,AfD
"[0.0006474837427958846, 0.49759647250175476, 0.0569910891354084, 0.30858319997787476, 0.0030703009106218815, 0.133111372590065]",SPD,CDU/CSU
"[0.00028000707970932126, 0.048099398612976074, 0.003037503222003579, 0.8655055165290833, 0.0003006190818268806, 0.08277690410614014]",GRÜNE,GRÜNE
"[0.002871769480407238, 0.0020848645363003016, 0.9925717115402222, 0.0013145343400537968, 0.0008283727802336216, 0.0003288238949608058]",FDP,FDP
"[0.0008085667504929006, 0.008460150100290775, 0.05565605312585831, 0.49317750334739685, 0.0033997483551502228, 0.43849802017211914]",GRÜNE,GRÜNE
"[0.0005419705994427204, 0.9274477958679199, 0.048056021332740784, 0.008427359163761139, 0.0048636640422046185, 0.01066319178789854]",CDU/CSU,CDU/CSU
"[0.00016150753071997315, 0.018730083480477333, 0.008119524456560612, 0.594774603843689, 0.0004894949961453676, 0.377724826335907]",SPD,GRÜNE
"[0.001618595328181982, 0.00623288843780756, 0.00021218112669885159, 0.8280447721481323, 0.14227329194545746, 0.021618269383907318]",GRÜNE,GRÜNE
"[0.011962981894612312, 0.5888774394989014, 0.06762415170669556, 0.00434064120054245, 0.003268410684540868, 0.3239264190196991]",SPD,CDU/CSU
"[0.00042409953312017024, 0.04108516499400139, 0.1381251960992813, 0.1628793329000473, 0.00031564501114189625, 0.6571705341339111]",SPD,SPD
"[0.00045160987065173686, 0.0005802976666018367, 0.012682005763053894, 0.714212954044342, 0.2523490786552429, 0.019724035635590553]",LINKE,GRÜNE
"[0.00017215334810316563, 0.024548107758164406, 0.021908460184931755, 0.14993716776371002, 0.001864862977527082, 0.8015692234039307]",SPD,SPD
"[0.0004002068017143756, 0.7823007702827454, 0.043807968497276306, 0.06759776920080185, 0.0006365922745317221, 0.10525664687156677]",CDU/CSU,CDU/CSU
"[0.00036266041570343077, 0.5616790056228638, 0.0038824479561299086, 0.0043336558155715466, 0.0029816830065101385, 0.4267605245113373]",CDU/CSU,CDU/CSU
"[0.000385955412639305, 0.010339719243347645, 0.0003035144181922078, 0.0029013962484896183, 0.9858781099319458, 0.00019132914894726127]",LINKE,LINKE
"[0.0003571207926142961, 0.24362286925315857, 0.0016176862409338355, 0.037874262779951096, 0.0004940698854625225, 0.716033935546875]",SPD,SPD
"[0.00029403826920315623, 0.6159273982048035, 0.15485383570194244, 0.0013888718094676733, 0.00030272273579612374, 0.22723308205604553]",CDU/CSU,CDU/CSU
"[0.9969127178192139, 0.000451781990705058, 0.00028660977841354907, 0.0001965994742931798, 0.0018918843707069755, 0.0002604519540909678]",AfD,AfD
"[0.0002514278457965702, 0.0008180376025848091, 0.008270996622741222, 0.9740261435508728, 0.0002709502587094903, 0.01636248081922531]",GRÜNE,GRÜNE
"[0.000324378750519827, 0.4876728951931, 0.23071227967739105, 0.043043650686740875, 0.00068793905666098, 0.23755885660648346]",CDU/CSU,CDU/CSU
"[0.00023973423230927438, 0.003860474331304431, 0.002054812852293253, 0.0012845059391111135, 0.0010246741585433483, 0.9915358424186707]",SPD,SPD
"[0.0006910342490300536, 0.019707437604665756, 0.9043670892715454, 0.015841197222471237, 0.00019307833281345665, 0.05920012295246124]",SPD,FDP
"[0.004677120130509138, 0.00048060566768981516, 0.00023354329459834844, 0.00018876008107326925, 0.994318425655365, 0.0001015305460896343]",LINKE,LINKE
"[0.0008510736515745521, 0.005720641929656267, 0.5578665733337402, 0.4322950541973114, 0.00227347481995821, 0.0009932233951985836]",GRÜNE,FDP
"[7.615520007675514e-05, 0.0008233566768467426, 0.0010130447335541248, 0.9853808283805847, 0.00031775780371390283, 0.0123888636007905]",GRÜNE,GRÜNE
"[0.998469352722168, 0.00036664147046394646, 0.0008395637851208448, 6.014769314788282e-05, 0.00017215478874277323, 9.216172475134954e-05]",AfD,AfD
"[0.0003538455057423562, 0.05121319368481636, 0.014638890512287617, 0.007379534188657999, 0.0015538466395810246, 0.9248607158660889]",SPD,SPD
"[0.0010830722749233246, 0.05778294429183006, 0.019949931651353836, 0.6997153759002686, 0.009437126107513905, 0.21203157305717468]",GRÜNE,GRÜNE
"[0.07549519091844559, 0.1868952065706253, 0.4772818982601166, 0.20070570707321167, 0.05737555772066116, 0.0022464522626250982]",LINKE,FDP
"[0.0004359636513981968, 0.007283933460712433, 0.0026748795062303543, 0.2163858860731125, 0.0003040765586774796, 0.7729151844978333]",SPD,SPD
"[0.0018079907167702913, 0.0036713341251015663, 0.0027262424118816853, 0.01938183791935444, 0.9717587828636169, 0.0006537726148962975]",GRÜNE,LINKE
"[0.0012744099367409945, 0.07652372121810913, 0.7313888669013977, 0.014905317686498165, 0.0019463005010038614, 0.17396140098571777]",FDP,FDP
"[0.0028490221593528986, 0.0006149130058474839, 0.005607519298791885, 0.0007827263325452805, 0.9898245930671692, 0.00032117182854563]",LINKE,LINKE
"[0.00038451439468190074, 0.02736715041100979, 0.027565738186240196, 0.5052630305290222, 0.1701531559228897, 0.26926636695861816]",SPD,GRÜNE
"[8.493183122482151e-05, 0.0020150579512119293, 0.003915286622941494, 0.950568675994873, 0.0010945963440462947, 0.04232148081064224]",GRÜNE,GRÜNE
"[0.7748769521713257, 0.050365470349788666, 0.004767795093357563, 0.0007595492643304169, 0.1521359533071518, 0.0170942023396492]",AfD,AfD
"[0.0007951039588078856, 0.44385409355163574, 0.0009260073420591652, 0.03517428785562515, 0.18633005023002625, 0.33292046189308167]",SPD,CDU/CSU
"[0.00016283764853142202, 0.0005918850074522197, 0.011307056061923504, 0.6615116596221924, 0.0007798077422194183, 0.32564669847488403]",GRÜNE,GRÜNE
"[0.00028348618070594966, 0.011899764649569988, 0.955943763256073, 0.006311314180493355, 0.00010557499626884237, 0.025456132367253304]",FDP,FDP
"[0.0004645863955374807, 0.9663999676704407, 0.0019538854248821735, 0.0007538276840932667, 0.0003010959771927446, 0.03012656234204769]",CDU/CSU,CDU/CSU
"[0.00030212008277885616, 0.9981648325920105, 0.0005448200390674174, 0.0006458042771555483, 0.00017539210966788232, 0.0001671439822530374]",CDU/CSU,CDU/CSU
"[0.0003854326205328107, 0.0037008614744991064, 0.001327416393905878, 0.5899556875228882, 0.0009939607698470354, 0.4036366045475006]",GRÜNE,GRÜNE
"[0.0004659774131141603, 0.1972561925649643, 0.25533100962638855, 0.5292961597442627, 0.0020201585721224546, 0.01563042402267456]",GRÜNE,GRÜNE
"[0.0006186914979480207, 0.029902856796979904, 0.1100686639547348, 0.2310788482427597, 0.0004370736423879862, 0.62789386510849]",SPD,SPD
"[0.0006391670904122293, 0.23184633255004883, 0.06823907047510147, 0.04200164973735809, 0.0003724087437149137, 0.6569014191627502]",SPD,SPD
"[0.00043450071825645864, 0.1511164903640747, 0.007241018116474152, 0.008321162313222885, 0.0007411357364617288, 0.8321456909179688]",SPD,SPD
"[0.9951494932174683, 0.0006037983694113791, 0.0021625750232487917, 0.00045805214904248714, 0.001018607523292303, 0.0006075403071008623]",AfD,AfD
"[0.0002898445527534932, 0.6986796855926514, 0.21835628151893616, 0.00821848213672638, 0.0048137689009308815, 0.06964193284511566]",CDU/CSU,CDU/CSU
"[0.00029609803459607065, 0.0003052202519029379, 0.0005055548390373588, 0.001777485478669405, 0.9968493580818176, 0.00026629629428498447]",LINKE,LINKE
"[0.0024649847764521837, 0.050396259874105453, 0.025104306638240814, 0.224595308303833, 0.00339601282030344, 0.6940431594848633]",GRÜNE,SPD
"[0.00020158437837380916, 0.04831761494278908, 0.008518362417817116, 0.09376945346593857, 0.0010293970117345452, 0.8481636047363281]",SPD,SPD
"[0.5412858128547668, 0.037112973630428314, 0.18365967273712158, 0.02513936534523964, 0.11107223480939865, 0.10172998905181885]",AfD,AfD
"[0.00046021086745895445, 0.20285946130752563, 0.17045338451862335, 0.0457548089325428, 0.0010534636676311493, 0.5794187188148499]",CDU/CSU,SPD
"[0.00026688299840316176, 0.42121461033821106, 0.03274092078208923, 0.45937296748161316, 0.010884009301662445, 0.07552061229944229]",CDU/CSU,GRÜNE
"[0.0013968065613880754, 0.046210192143917084, 0.15387143194675446, 0.06141723692417145, 0.5189417600631714, 0.21816259622573853]",LINKE,LINKE
"[0.0009749755845405161, 0.002489884151145816, 0.008868420496582985, 0.17843352258205414, 0.8088512420654297, 0.00038200171547941864]",LINKE,LINKE
"[0.0005085676093585789, 0.0051826792769134045, 0.5418840050697327, 0.3770464360713959, 0.0008599180728197098, 0.07451844960451126]",GRÜNE,FDP
"[0.00019373306713532656, 0.13435830175876617, 0.017643151804804802, 0.04035477712750435, 0.001061429618857801, 0.8063886165618896]",SPD,SPD
"[0.00010181742982240394, 0.002081323880702257, 0.0034736688248813152, 0.7056900262832642, 0.0012923234608024359, 0.287360817193985]",GRÜNE,GRÜNE
"[0.00040551519487053156, 0.15680266916751862, 0.014515087939798832, 0.22805853188037872, 0.0004916720790788531, 0.5997264981269836]",GRÜNE,SPD
"[0.0012980307219550014, 0.48700809478759766, 0.4217180609703064, 0.027450308203697205, 0.004742325283586979, 0.05778315290808678]",CDU/CSU,CDU/CSU
"[0.9953963756561279, 0.0031189618166536093, 0.0001034782690112479, 0.0001044592063408345, 0.0011435028864070773, 0.00013319088611751795]",AfD,AfD
"[0.0013487654505297542, 0.5272391438484192, 0.13740529119968414, 0.03695499524474144, 0.00032933763577602804, 0.2967224419116974]",CDU/CSU,CDU/CSU
"[0.9991777539253235, 0.0004503279342316091, 0.00019781738228630275, 2.589736322988756e-05, 0.00011482382979011163, 3.3383021218469366e-05]",AfD,AfD
"[0.0008213765104301274, 0.20848752558231354, 0.0156367477029562, 0.1907062530517578, 0.011173210106790066, 0.5731748938560486]",GRÜNE,SPD
"[0.0003695324994623661, 0.0015409615589305758, 0.5836297273635864, 0.05381336435675621, 0.0003395966487005353, 0.36030685901641846]",FDP,FDP
"[0.0008435767376795411, 0.4266742765903473, 0.03220335394144058, 0.04273952543735504, 0.00038248393684625626, 0.4971567690372467]",CDU/CSU,SPD
"[0.00022033826098777354, 0.00031316379318013787, 0.0023481305688619614, 0.09686770290136337, 0.8995203971862793, 0.0007302640005946159]",LINKE,LINKE
"[0.00017069364548660815, 0.06024140119552612, 0.01766248047351837, 0.02820861153304577, 0.00019496199092827737, 0.893521785736084]",SPD,SPD
"[0.00040049845119938254, 0.0009015462128445506, 2.942574974440504e-05, 0.0004032455908600241, 0.9980021119117737, 0.0002632953110150993]",LINKE,LINKE
"[0.00032212366932071745, 0.9955676198005676, 0.001093995408155024, 0.00045827735448256135, 0.00014392200682777911, 0.002414133632555604]",CDU/CSU,CDU/CSU
"[0.0005142211448401213, 0.18393296003341675, 0.21277575194835663, 0.10345859825611115, 0.000991581124253571, 0.4983268976211548]",FDP,SPD
"[0.000636362936347723, 0.0007057343027554452, 0.006973977200686932, 0.8878049850463867, 0.0003553761634975672, 0.10352356731891632]",GRÜNE,GRÜNE
"[0.000401113647967577, 0.04747676104307175, 0.42823705077171326, 0.5168160200119019, 0.001893367269076407, 0.005175748839974403]",GRÜNE,GRÜNE
"[0.1355317384004593, 0.15013903379440308, 0.3889559209346771, 0.05027800053358078, 0.020136389881372452, 0.25495898723602295]",AfD,FDP
"[0.016899628564715385, 0.4186672270298004, 0.47383803129196167, 0.03405482694506645, 0.002478333655744791, 0.05406198650598526]",AfD,FDP
"[0.0002499688998796046, 0.7981255650520325, 0.008455953560769558, 0.0014842536766082048, 0.0003276160277891904, 0.19135664403438568]",CDU/CSU,CDU/CSU
"[0.0006020101718604565, 0.9891202449798584, 0.0002465824072714895, 0.0008325498201884329, 0.000369441753719002, 0.008829212747514248]",CDU/CSU,CDU/CSU
"[0.0024955631233751774, 0.08568238466978073, 0.6919505000114441, 0.1412663608789444, 0.07801470160484314, 0.0005904373247176409]",FDP,FDP
"[0.10379917919635773, 0.6143301129341125, 0.2068118155002594, 0.003565439023077488, 0.0072768377140164375, 0.06421661376953125]",CDU/CSU,CDU/CSU
"[0.0003163802030030638, 0.004819586873054504, 0.0016870652325451374, 0.0009466996416449547, 0.00015581847401335835, 0.9920744895935059]",SPD,SPD
"[0.000483753508888185, 0.0003473976394161582, 0.005727828945964575, 0.5309550166130066, 0.0012322841212153435, 0.46125370264053345]",GRÜNE,GRÜNE
"[0.00023045715352054685, 0.001657177577726543, 0.9776741862297058, 0.003568028099834919, 0.00011183661263203248, 0.01675831712782383]",FDP,FDP
"[0.004539154935628176, 0.0002603684552013874, 0.00013207722804509103, 0.00027259744820185006, 0.9946483969688416, 0.00014734278374817222]",LINKE,LINKE
"[0.0007104157702997327, 0.12186132371425629, 0.8419421911239624, 0.008416267111897469, 0.0003261620586272329, 0.026743687689304352]",FDP,FDP
"[0.9982353448867798, 0.0006532318075187504, 0.00036065978929400444, 0.00013740331633016467, 0.000546154857147485, 6.724055856466293e-05]",AfD,AfD
"[0.00037972908467054367, 0.8391261100769043, 0.15494978427886963, 0.000998695264570415, 0.00031947623938322067, 0.004226192366331816]",CDU/CSU,CDU/CSU
"[0.05136067047715187, 0.9410629272460938, 0.0037888367660343647, 0.0006144851795397699, 0.002960092155262828, 0.00021286364062689245]",CDU/CSU,CDU/CSU
"[0.0011380680371075869, 0.0037218178622424603, 0.0033926661126315594, 0.6383933424949646, 0.35257628560066223, 0.0007778070284985006]",LINKE,GRÜNE
"[0.9974684715270996, 0.0003726721042767167, 0.0001471646100981161, 0.00015824659203644842, 0.0014663685578852892, 0.00038709811633452773]",AfD,AfD
"[0.0004154664638917893, 0.008484560064971447, 0.005712977610528469, 0.455614298582077, 0.4124179184436798, 0.11735474318265915]",GRÜNE,GRÜNE
"[0.9974377155303955, 0.0007812792900949717, 0.0007813363336026669, 0.0002130732173100114, 0.0006818334804847836, 0.000104673279565759]",AfD,AfD
"[0.00039670936530455947, 0.00017833177116699517, 0.0002768412814475596, 0.02737700566649437, 0.9716297388076782, 0.00014138506958261132]",LINKE,LINKE
"[0.0005207316717132926, 0.0026243391912430525, 0.1088097095489502, 0.48378580808639526, 0.0006015777471475303, 0.40365779399871826]",GRÜNE,GRÜNE
"[0.00042547276825644076, 0.49801507592201233, 0.36769720911979675, 0.002586809918284416, 0.00033157315920107067, 0.13094381988048553]",CDU/CSU,CDU/CSU
"[0.006516070570796728, 0.2883445620536804, 0.00542037095874548, 0.17082326114177704, 0.45913177728652954, 0.06976392865180969]",GRÜNE,LINKE
"[0.9993394613265991, 0.0002885829017031938, 0.00013750404468737543, 6.782969285268337e-05, 8.528360922355205e-05, 8.132636139634997e-05]",AfD,AfD
"[0.0005796250188723207, 0.535847008228302, 0.2370399385690689, 0.00817457027733326, 0.000587807793635875, 0.21777108311653137]",CDU/CSU,CDU/CSU
"[0.00032688453211449087, 0.08675350993871689, 0.003469284391030669, 0.008670452050864697, 0.001108708675019443, 0.8996711373329163]",SPD,SPD
"[0.00031077032326720655, 0.739004909992218, 0.005971538368612528, 0.05694131553173065, 0.0007540837395936251, 0.1970173567533493]",CDU/CSU,CDU/CSU
"[0.00028149125864729285, 0.6236900091171265, 0.007703459355980158, 0.039794500917196274, 0.0010671003255993128, 0.32746341824531555]",SPD,CDU/CSU
"[0.000431751279393211, 0.030765587463974953, 0.009184254333376884, 0.11209605634212494, 0.5750714540481567, 0.2724509835243225]",LINKE,LINKE
"[0.0002990311768371612, 0.4766600728034973, 0.03391391783952713, 0.005709748715162277, 0.0005611892556771636, 0.48285606503486633]",SPD,SPD
"[0.0003009788051713258, 0.6574093699455261, 0.2678387463092804, 0.03687244653701782, 0.00040550073026679456, 0.03717288747429848]",CDU/CSU,CDU/CSU
"[0.0005508747999556363, 0.13868704438209534, 0.3251872658729553, 0.2586606442928314, 0.0004399403987918049, 0.2764742970466614]",FDP,FDP
"[0.00028850778471678495, 0.00010408322850707918, 9.682694508228451e-05, 0.0006521096802316606, 0.9986265897750854, 0.00023193572997115552]",LINKE,LINKE
"[0.00031171576119959354, 0.9658135771751404, 0.00037786326720379293, 0.0011543084401637316, 0.000489566067699343, 0.031852975487709045]",CDU/CSU,CDU/CSU
"[0.00020564971782732755, 0.8997484445571899, 0.0014238193398341537, 0.0005949203041382134, 0.00017003488028421998, 0.09785719215869904]",CDU/CSU,CDU/CSU
"[0.0005007708095945418, 0.013967442326247692, 0.008005501702427864, 0.9537328481674194, 0.015941089019179344, 0.007852362468838692]",GRÜNE,GRÜNE
"[0.00045928204781375825, 0.9912641048431396, 0.00040058433660306036, 0.0003313648048788309, 0.00023207475896924734, 0.00731264241039753]",CDU/CSU,CDU/CSU
"[0.47057250142097473, 0.004613135475665331, 0.3099779784679413, 0.17660394310951233, 0.01487145759165287, 0.023361001163721085]",GRÜNE,AfD
"[0.00017344571824651212, 0.004062490072101355, 0.988770067691803, 0.0014318659668788314, 7.715015817666426e-05, 0.005485009867697954]",FDP,FDP
"[0.0001228891924256459, 0.00037692172918468714, 0.9988320469856262, 0.0001240368583239615, 8.636305574327707e-05, 0.0004578219959512353]",FDP,FDP
"[0.0002796272747218609, 0.4800458252429962, 0.0128419054672122, 0.05205446481704712, 0.0009287740103900433, 0.4538494348526001]",CDU/CSU,CDU/CSU
"[0.00010447587555972859, 0.008190701715648174, 0.004697433207184076, 0.22200216352939606, 0.0001552947360323742, 0.7648499011993408]",SPD,SPD
"[0.0012475859839469194, 0.14487755298614502, 0.0015802746638655663, 0.19159680604934692, 0.0022828851360827684, 0.658414900302887]",SPD,SPD
"[0.5497304201126099, 0.1923791617155075, 0.248856782913208, 0.003751451848074794, 0.0004014434525743127, 0.004880690947175026]",AfD,AfD
"[0.00036112189991399646, 0.038522593677043915, 0.0024496663827449083, 0.5718658566474915, 0.010522308759391308, 0.37627843022346497]",SPD,GRÜNE
"[0.00042469979962334037, 0.9140044450759888, 0.08316624164581299, 0.0011829581344500184, 0.0006852228543721139, 0.0005364828975871205]",CDU/CSU,CDU/CSU
"[0.9992436170578003, 0.00022199269733391702, 0.00023573376529384404, 5.9748523199232295e-05, 0.00021695616305805743, 2.2023226847522892e-05]",AfD,AfD
"[0.00020010676234960556, 0.00038515127380378544, 0.9989659786224365, 0.00013252107601147145, 0.00011324063234496862, 0.00020305956422816962]",FDP,FDP
"[0.0001775424461811781, 0.011381671763956547, 0.03373981639742851, 0.2734050154685974, 0.00023749723914079368, 0.6810585260391235]",GRÜNE,SPD
"[0.001510264235548675, 0.2475799173116684, 0.34737324714660645, 0.08016767352819443, 0.0038311078678816557, 0.3195377588272095]",FDP,FDP
"[0.0022228339221328497, 0.0004323913890402764, 0.00021933937387075275, 0.0011251032119616866, 0.9950438737869263, 0.0009564958745613694]",LINKE,LINKE
"[0.9994158744812012, 0.00019130832515656948, 0.00010452983406139538, 4.7860012273304164e-05, 0.00017431529704481363, 6.60764126223512e-05]",AfD,AfD
"[0.00012901355512440205, 0.0009288229048252106, 0.002980489283800125, 0.008194327354431152, 0.00027208327082917094, 0.9874952435493469]",SPD,SPD
"[0.000263117253780365, 0.9610973596572876, 0.0010616508079692721, 0.0001862234785221517, 0.00022116285981610417, 0.03717050701379776]",CDU/CSU,CDU/CSU
"[0.0002470121253281832, 0.09470190852880478, 0.635975182056427, 0.042850036174058914, 0.0006814951193518937, 0.22554440796375275]",FDP,FDP
"[0.0002692716661840677, 0.0012156754964962602, 0.00010115259647136554, 0.011080383323132992, 0.985572099685669, 0.0017614207463338971]",LINKE,LINKE
"[0.0019471363630145788, 0.6328222155570984, 0.0023522598203271627, 0.08032117038965225, 0.0023898272775113583, 0.2801674008369446]",SPD,CDU/CSU
"[0.00034535108716227114, 0.2316410094499588, 0.5283854007720947, 0.03167117387056351, 0.0003525978827383369, 0.2076045125722885]",FDP,FDP
"[0.00017897583893500268, 0.05476190894842148, 0.032137732952833176, 0.02369474060833454, 0.0005042406264692545, 0.8887224197387695]",SPD,SPD
"[0.34934666752815247, 0.31593626737594604, 0.0056714280508458614, 0.2766677737236023, 0.027077024802565575, 0.025300784036517143]",AfD,AfD
"[0.000878645689226687, 0.0032590304035693407, 0.372377872467041, 0.3417178690433502, 0.13182705640792847, 0.14993949234485626]",SPD,FDP
"[0.0011003607651218772, 0.00014869964797981083, 0.00014300306793302298, 0.0004970623995177448, 0.9979434609413147, 0.00016735085227992386]",LINKE,LINKE
"[0.00018800643738359213, 0.06320234388113022, 0.004807756748050451, 0.18852756917476654, 0.011444914154708385, 0.7318294048309326]",SPD,SPD
"[0.0040161143988370895, 0.5895896553993225, 0.3315996825695038, 0.05547255277633667, 0.017727917060256004, 0.0015940945595502853]",CDU/CSU,CDU/CSU
"[0.00032183274743147194, 0.0914863869547844, 0.01813792623579502, 0.1841665506362915, 0.011497162282466888, 0.6943901181221008]",SPD,SPD
"[0.9993672370910645, 0.00026652112137526274, 0.00010582996037555858, 4.254641316947527e-05, 0.00017131284403149039, 4.6520985051756725e-05]",AfD,AfD
"[0.0007148785516619682, 0.7196676731109619, 0.05717374384403229, 0.16413992643356323, 0.0011893543414771557, 0.05711435526609421]",CDU/CSU,CDU/CSU
"[0.00025930473930202425, 0.01844646781682968, 0.039046451449394226, 0.04844306781888008, 0.0004681393038481474, 0.8933365941047668]",SPD,SPD
"[0.0005502928397618234, 0.22022755444049835, 0.13095895946025848, 0.053169429302215576, 0.0007517148042097688, 0.594342052936554]",SPD,SPD
"[0.0768187865614891, 0.7648490071296692, 0.06509269773960114, 0.003273583948612213, 0.0018766532884910703, 0.08808925747871399]",CDU/CSU,CDU/CSU
"[0.00012516947754193097, 0.02668502926826477, 0.005253913346678019, 0.04139870032668114, 0.0076644401997327805, 0.9188726544380188]",SPD,SPD
"[0.0004134712216909975, 0.008940144442021847, 0.03048025257885456, 0.23355364799499512, 0.003153064288198948, 0.7234594225883484]",GRÜNE,SPD
"[0.00023998317192308605, 0.0001054462481988594, 5.248143133940175e-05, 0.0002197056746808812, 0.9992789030075073, 0.00010347823263145983]",LINKE,LINKE
"[0.584916889667511, 0.14590543508529663, 0.23488490283489227, 0.015652041882276535, 0.013366620056331158, 0.005274140741676092]",AfD,AfD
"[0.0014518864918500185, 0.00015935687406454235, 0.0001540021476102993, 0.0002327703987248242, 0.997825562953949, 0.00017639198631513864]",LINKE,LINKE
"[0.4956097900867462, 0.5011074542999268, 0.002288829069584608, 0.00015015613462310284, 0.0006920133018866181, 0.00015170402184594423]",AfD,CDU/CSU
"[0.0019676575902849436, 0.6334204077720642, 0.11489835381507874, 0.014453877694904804, 0.0008782480726949871, 0.23438139259815216]",CDU/CSU,CDU/CSU
"[0.0023461105301976204, 0.0011575401294976473, 0.00027724861865863204, 0.00026094354689121246, 0.9939901232719421, 0.00196792627684772]",LINKE,LINKE
"[0.002782567171379924, 0.13788391649723053, 0.15685755014419556, 0.4523857533931732, 0.007213136646896601, 0.2428770661354065]",GRÜNE,GRÜNE
"[0.0012583202915266156, 0.9652197360992432, 0.03232598677277565, 0.00014173217641655356, 0.00042148446664214134, 0.000632723153103143]",CDU/CSU,CDU/CSU
"[0.0005463812267407775, 0.4473908543586731, 0.41175705194473267, 0.0030173808336257935, 0.00034919872996397316, 0.1369391530752182]",CDU/CSU,CDU/CSU
"[0.2262352705001831, 0.2244616448879242, 0.11469177156686783, 0.07336122542619705, 0.006486035883426666, 0.3547639846801758]",FDP,SPD
"[0.00035566999576985836, 0.15662623941898346, 0.12099587917327881, 0.1209518238902092, 0.001440577208995819, 0.599629819393158]",SPD,SPD
"[0.9992719292640686, 0.0002954027440864593, 0.00022055767476558685, 5.026100552640855e-05, 0.00011567503679543734, 4.609918687492609e-05]",AfD,AfD
"[0.00044812937267124653, 0.0001127094219555147, 6.374129588948563e-05, 0.00017723483324516565, 0.9991025924682617, 9.566174412611872e-05]",LINKE,LINKE
"[0.1990310251712799, 0.5998666882514954, 0.03806397691369057, 0.0006011906662024558, 0.15761306881904602, 0.004824106115847826]",CDU/CSU,CDU/CSU
"[0.0006079430459067225, 0.9809979796409607, 0.0009785817237570882, 0.0007740476285107434, 0.015951285138726234, 0.0006901630549691617]",CDU/CSU,CDU/CSU
"[0.00026921494281850755, 0.9871280193328857, 0.00114932912401855, 0.0004850769182667136, 0.00016664888244122267, 0.010801786556839943]",CDU/CSU,CDU/CSU
"[0.9994020462036133, 0.0002718526520766318, 9.471365774516016e-05, 3.79245902877301e-05, 0.00014631716476287693, 4.717538831755519e-05]",AfD,AfD
"[0.0004043002554681152, 0.3847769796848297, 0.04896402731537819, 0.007087987847626209, 0.0008056844235397875, 0.5579609870910645]",SPD,SPD
"[0.00031152862356975675, 0.0008404750260524452, 0.00035732350079342723, 0.06685063242912292, 0.9314159154891968, 0.0002242036716779694]",LINKE,LINKE
"[0.008158535696566105, 0.002780734794214368, 0.1845293492078781, 0.07389602065086365, 0.000968629086855799, 0.7296667098999023]",SPD,SPD
"[0.037284210324287415, 0.19137632846832275, 0.7158373594284058, 0.015617991797626019, 0.029339296743273735, 0.010544832795858383]",FDP,FDP
"[0.00011440127855166793, 0.001207664143294096, 0.0004312851233407855, 0.9969123601913452, 0.0003891380620189011, 0.0009451963123865426]",GRÜNE,GRÜNE
"[0.020258091390132904, 0.00221247342415154, 0.01545758731663227, 0.41340136528015137, 0.5419704914093018, 0.006699942052364349]",GRÜNE,LINKE
"[0.0008543037110939622, 0.8719653487205505, 0.1208396703004837, 0.0005611004889942706, 0.0004757721326313913, 0.005303722806274891]",CDU/CSU,CDU/CSU
"[0.00039605016354471445, 0.6420431137084961, 0.09533312171697617, 0.007698794361203909, 0.00028793129604309797, 0.2542409598827362]",SPD,CDU/CSU
"[0.00028257197118364275, 0.10582888126373291, 0.0034093696158379316, 0.04100187495350838, 0.00017714002751745284, 0.8493000864982605]",SPD,SPD
"[0.000360641599399969, 0.897294819355011, 0.03933286294341087, 0.019863372668623924, 0.006476651877164841, 0.03667167201638222]",CDU/CSU,CDU/CSU
"[0.004162254743278027, 0.05262500047683716, 0.09316717833280563, 0.040324579924345016, 0.0005668793455697596, 0.8091540932655334]",SPD,SPD
"[0.0076837423257529736, 0.002073352923616767, 0.0052857473492622375, 0.16159971058368683, 0.7809545993804932, 0.042402829974889755]",LINKE,LINKE
"[0.9987562894821167, 0.0007097224588505924, 0.00029475061455741525, 5.670155951520428e-05, 7.050216663628817e-05, 0.00011200169683434069]",AfD,AfD
"[0.0006847793119959533, 0.0014618504792451859, 0.0002881190739572048, 0.0021661524660885334, 0.9953351616859436, 6.397491233656183e-05]",LINKE,LINKE
"[0.0004412961134221405, 0.6732127070426941, 0.008443349041044712, 0.013787218369543552, 0.0009665415273047984, 0.30314886569976807]",CDU/CSU,CDU/CSU
"[0.0015808657044544816, 0.07663284987211227, 0.645416796207428, 0.272909015417099, 0.002746415324509144, 0.0007141120149753988]",FDP,FDP
"[0.0025650267489254475, 0.1193038672208786, 0.7030147314071655, 0.16218146681785583, 0.012380328960716724, 0.0005545309977605939]",FDP,FDP
"[0.0007700244896113873, 0.04431268200278282, 0.9516348838806152, 0.0008563053561374545, 0.000243464601226151, 0.002182682976126671]",FDP,FDP
"[0.00023220879666041583, 0.24765348434448242, 0.02180386893451214, 0.014273319393396378, 0.04306967929005623, 0.6729674935340881]",SPD,SPD
"[0.00022437228471972048, 0.9898090362548828, 0.005943537224084139, 0.0006093142437748611, 0.001030315295793116, 0.002383382059633732]",CDU/CSU,CDU/CSU
"[0.0007576231146231294, 0.796690821647644, 0.016959916800260544, 0.09531603753566742, 0.0005103591829538345, 0.08976522833108902]",CDU/CSU,CDU/CSU
"[0.6187810897827148, 0.01240156777203083, 0.006145528983324766, 0.00264690606854856, 0.3553124964237213, 0.004712420515716076]",AfD,AfD
"[0.0006040427251718938, 0.09634128957986832, 0.7628759145736694, 0.03911897540092468, 0.0007186878356151283, 0.10034097731113434]",FDP,FDP
"[0.0003094192943535745, 0.38316893577575684, 0.010628332383930683, 0.12389262765645981, 0.0008707799715921283, 0.4811299443244934]",CDU/CSU,SPD
"[0.0005983117152936757, 0.6881555914878845, 0.2610626518726349, 0.0033702217042446136, 0.0009247658308595419, 0.04588846489787102]",CDU/CSU,CDU/CSU
"[0.00019007516675628722, 0.7719883918762207, 0.06392621248960495, 0.1048128679394722, 0.0025408058427274227, 0.05654168874025345]",CDU/CSU,CDU/CSU
"[0.00015441358846146613, 0.5956730246543884, 0.018497692421078682, 0.008223344571888447, 0.0010307811899110675, 0.3764207661151886]",SPD,CDU/CSU
"[0.0010581775568425655, 0.43013742566108704, 0.033803023397922516, 0.17132627964019775, 0.00023137760581448674, 0.3634437322616577]",CDU/CSU,CDU/CSU
"[0.00037013276596553624, 0.006632220931351185, 0.7519417405128479, 0.040564510971307755, 0.0005504362634383142, 0.1999409794807434]",FDP,FDP
"[0.00020046962890774012, 0.00022342173906508833, 0.9988247752189636, 0.00031599958310835063, 0.00017147077596746385, 0.0002637698198668659]",FDP,FDP
"[0.00032298211590386927, 0.9982167482376099, 0.0008092545904219151, 8.556278771720827e-05, 0.00037965032970532775, 0.0001857219758676365]",CDU/CSU,CDU/CSU
"[0.9957738518714905, 0.001607289188541472, 0.001958365784958005, 0.00015459013229701668, 0.00019782420713454485, 0.0003080549358855933]",AfD,AfD
"[0.0019520311616361141, 0.188209667801857, 0.7575098872184753, 0.006267221178859472, 0.0005375724867917597, 0.04552372172474861]",GRÜNE,FDP
"[0.003232661634683609, 0.5414347052574158, 0.07587048411369324, 0.2355118691921234, 0.03609089553356171, 0.10785937309265137]",CDU/CSU,CDU/CSU
"[0.9975509643554688, 0.000723605218809098, 0.0012422133004292846, 7.117780478438362e-05, 0.00032267236383631825, 8.932992204790935e-05]",AfD,AfD
"[0.000249662873102352, 0.0004694065428338945, 0.0005341476062312722, 0.08554139733314514, 0.912888765335083, 0.000316543533699587]",GRÜNE,LINKE
"[0.00024571854737587273, 0.02521747536957264, 0.029104044660925865, 0.013937527313828468, 0.00010134419426321983, 0.9313939809799194]",SPD,SPD
"[0.0003444767789915204, 0.006473311223089695, 0.17268122732639313, 0.5224218964576721, 0.00046848770580254495, 0.2976105809211731]",FDP,GRÜNE
"[0.0022413141559809446, 0.9037088751792908, 0.008922911249101162, 0.0009841891005635262, 0.0006969582173041999, 0.08344575762748718]",CDU/CSU,CDU/CSU
"[0.000217091481317766, 0.08082112669944763, 0.1818230003118515, 0.3426608741283417, 0.002916166326031089, 0.39156174659729004]",SPD,SPD
"[0.9987443089485168, 0.0008448967710137367, 0.00018851405184250325, 5.054344728705473e-05, 0.0001286657206946984, 4.3064970668638125e-05]",AfD,AfD
"[0.0004765286867041141, 0.3134436309337616, 0.40932023525238037, 0.015309491194784641, 0.00025258524692617357, 0.2611975073814392]",FDP,FDP
"[0.9837274551391602, 0.012340766377747059, 0.0006101704202592373, 0.0007530066068284214, 0.002395542338490486, 0.0001730893854983151]",AfD,AfD
"[0.00042947326437570155, 0.7433605194091797, 0.22991637885570526, 0.007595523726195097, 0.0005519702681340277, 0.01814616657793522]",SPD,CDU/CSU
"[0.004730244167149067, 0.01522474829107523, 0.16854774951934814, 0.005104634445160627, 0.45681998133659363, 0.3495725989341736]",LINKE,LINKE
"[0.3216789960861206, 0.0009786281734704971, 0.002147098770365119, 0.0015002504223957658, 0.6735467314720154, 0.0001482586667407304]",AfD,LINKE
"[9.17229990591295e-05, 0.0003582017379812896, 0.9985089302062988, 0.00023231268278323114, 0.00018130238458979875, 0.0006275490741245449]",FDP,FDP
"[0.001189571339637041, 0.7064918875694275, 0.07853421568870544, 0.04104502499103546, 0.007372905034571886, 0.16536635160446167]",CDU/CSU,CDU/CSU
"[0.00025142819504253566, 0.19743987917900085, 0.12934386730194092, 0.08595551550388336, 0.0005122481379657984, 0.5864970684051514]",SPD,SPD
"[0.00038620131090283394, 0.9089161157608032, 0.01676858216524124, 0.00026674685068428516, 0.0001821016048779711, 0.07348022609949112]",CDU/CSU,CDU/CSU
"[0.0006475437548942864, 0.4518706798553467, 0.04602033272385597, 0.013217254541814327, 0.0008332277648150921, 0.48741093277931213]",CDU/CSU,SPD
"[0.9787334203720093, 0.010035336017608643, 0.005866262596100569, 0.0005107042961753905, 0.0023782183416187763, 0.0024760933592915535]",AfD,AfD
"[0.00022764423920307308, 0.011093158274888992, 0.17570684850215912, 0.4440319836139679, 0.0002823045360855758, 0.36865800619125366]",GRÜNE,GRÜNE
"[0.0002522506983950734, 0.23377513885498047, 0.11923182755708694, 0.34628885984420776, 0.0005829352885484695, 0.29986900091171265]",CDU/CSU,GRÜNE
"[0.00027189930551685393, 0.0018186004599556327, 0.947594404220581, 0.004748866893351078, 0.0004607131704688072, 0.045105528086423874]",FDP,FDP
"[0.0006848123739473522, 0.002151340013369918, 0.01281724963337183, 0.4829541742801666, 0.0014857187634333968, 0.49990665912628174]",SPD,SPD
"[0.0014226468047127128, 0.17530794441699982, 0.008424371480941772, 0.027664562687277794, 0.005449466407299042, 0.7817310690879822]",SPD,SPD
"[0.0002823954855557531, 0.9363682270050049, 0.025098411366343498, 0.0020289134699851274, 0.0011850438313558698, 0.035037051886320114]",CDU/CSU,CDU/CSU
"[0.0007332458044402301, 0.2544051706790924, 0.29998841881752014, 0.07172389328479767, 0.010020880028605461, 0.3631284236907959]",SPD,SPD
"[0.0013568960130214691, 0.045554276555776596, 0.09254904836416245, 0.5872817635536194, 0.19434677064418793, 0.07891124486923218]",LINKE,GRÜNE
"[0.00019812498067039996, 0.15250657498836517, 0.0025763853918761015, 0.02345242351293564, 0.0006475604022853076, 0.8206189274787903]",SPD,SPD
"[0.00012070303637301549, 0.00042527398909442127, 0.00016377131396438926, 0.010777550749480724, 0.9876372814178467, 0.0008753477595746517]",LINKE,LINKE
"[0.711677610874176, 0.05120253935456276, 0.22154656052589417, 0.00726915942505002, 0.004495927132666111, 0.003808198496699333]",AfD,AfD
"[0.00016747135668992996, 0.0029146147426217794, 0.0029708610381931067, 0.9851341247558594, 0.00271606701426208, 0.006096828728914261]",GRÜNE,GRÜNE
"[0.00030716907349415123, 0.36975350975990295, 0.008252226747572422, 0.08311579376459122, 0.0017573043005540967, 0.5368139743804932]",CDU/CSU,SPD
"[0.00029481700039468706, 0.23394273221492767, 0.003249937668442726, 0.0006072871037758887, 0.0007501645595766604, 0.7611551284790039]",SPD,SPD
"[0.9962069988250732, 0.00015960310702212155, 0.0003839246346615255, 7.617152732564136e-05, 0.0031219306401908398, 5.1338080083951354e-05]",AfD,AfD
"[0.9016119837760925, 0.018005099147558212, 0.005410014186054468, 0.027632251381874084, 0.04470720887184143, 0.0026334458962082863]",AfD,AfD
"[0.001417181920260191, 0.4885222911834717, 0.04418717324733734, 0.3480932116508484, 0.004037779755890369, 0.11374235153198242]",CDU/CSU,CDU/CSU
"[0.9994678497314453, 0.00021348640439100564, 0.00014133952208794653, 4.1149589378619567e-05, 8.727001113584265e-05, 4.8877533117774874e-05]",AfD,AfD
"[0.07717011868953705, 0.12929725646972656, 0.0018037240952253342, 0.030236979946494102, 0.5921014547348022, 0.169390469789505]",LINKE,LINKE
"[0.00048565850011073053, 0.9440858960151672, 0.023218423128128052, 0.0034377463161945343, 0.00027768188738264143, 0.02849455736577511]",CDU/CSU,CDU/CSU
"[0.9993761777877808, 0.00018780582468025386, 0.00015773619816172868, 7.594803173560649e-05, 0.0001325151970377192, 6.981240585446358e-05]",AfD,AfD
"[0.00021212795400060713, 0.9474043846130371, 0.004571271128952503, 0.0014681806787848473, 0.00022299242846202105, 0.04612109810113907]",CDU/CSU,CDU/CSU
"[0.001901425188407302, 0.07851634919643402, 0.7039210200309753, 0.0021461970172822475, 0.0005018632509745657, 0.21301311254501343]",SPD,FDP
"[0.9136262536048889, 0.05121847242116928, 0.008669326081871986, 0.0015547523507848382, 0.005660092458128929, 0.01927112601697445]",AfD,AfD
"[0.0003846321487799287, 0.8823142051696777, 0.001006396021693945, 0.0051623242907226086, 0.0004375972494017333, 0.11069481819868088]",CDU/CSU,CDU/CSU
"[0.9866387248039246, 0.0005854117916896939, 0.011134378612041473, 0.00033330952282994986, 0.0008493504719808698, 0.0004587883595377207]",AfD,AfD
"[0.0005862441030330956, 0.5694594383239746, 0.08198542147874832, 0.34008148312568665, 0.00124744838103652, 0.006639960687607527]",CDU/CSU,CDU/CSU
"[0.0002939075347967446, 0.06783364713191986, 0.0003659350040834397, 0.0020929279271513224, 0.0002577411651145667, 0.9291557669639587]",SPD,SPD
"[0.0023614440578967333, 0.02294817380607128, 0.02849332056939602, 0.27169957756996155, 0.004567580763250589, 0.6699298620223999]",SPD,SPD
"[0.0002914267242886126, 0.011017361655831337, 0.0006372677744366229, 0.14145323634147644, 0.001357867382466793, 0.8452427983283997]",SPD,SPD
"[0.0016131197335198522, 0.8876127600669861, 0.03595338016748428, 0.0008178189746104181, 0.0003855545073747635, 0.07361739128828049]",CDU/CSU,CDU/CSU
"[0.0003590663254726678, 0.009082154370844364, 0.006538281682878733, 0.24874061346054077, 0.13778389990329742, 0.597495973110199]",SPD,SPD
"[0.0003725196002051234, 0.5542132258415222, 0.4285673201084137, 0.0026834169402718544, 0.0003022797463927418, 0.013861176557838917]",CDU/CSU,CDU/CSU
"[0.0003054414701182395, 0.0003439450520090759, 0.00017400065553374588, 0.002052491530776024, 0.9962878823280334, 0.0008362500229850411]",LINKE,LINKE
"[0.00027835788205266, 0.9841537475585938, 0.003970482852309942, 0.0004023845831397921, 0.0001512655580881983, 0.01104376558214426]",CDU/CSU,CDU/CSU
"[0.0009564400534145534, 0.06985116004943848, 0.21257562935352325, 0.014985556714236736, 0.002254142425954342, 0.6993770003318787]",SPD,SPD
"[0.000775117427110672, 0.003933789674192667, 0.9934693574905396, 0.001305500278249383, 0.00020221859449520707, 0.00031402145395986736]",FDP,FDP
"[0.00011042489495594054, 0.05829361826181412, 0.02889106422662735, 0.15373459458351135, 0.00040187587728723884, 0.7585684061050415]",FDP,SPD
"[0.0005008876323699951, 0.1282535344362259, 0.00973140262067318, 0.7220136523246765, 0.0021218133624643087, 0.1373787224292755]",GRÜNE,GRÜNE
"[0.0005724705988541245, 0.11564474552869797, 0.07126155495643616, 0.13784447312355042, 0.000388204149203375, 0.6742885112762451]",SPD,SPD
"[0.0029108652379363775, 0.16583392024040222, 0.2360464334487915, 0.392112672328949, 0.00036257397732697427, 0.20273356139659882]",SPD,GRÜNE
"[0.00013036839663982391, 0.0012595872394740582, 0.0020602240692824125, 0.02298744022846222, 0.0002547928015701473, 0.9733076095581055]",SPD,SPD
"[0.00018593444838188589, 9.955423593055457e-05, 4.102961247554049e-05, 0.0016500746132805943, 0.997899055480957, 0.00012433802476152778]",LINKE,LINKE
"[0.9988839626312256, 0.0005456595681607723, 0.0003942445036955178, 3.8937134377192706e-05, 8.648231596453115e-05, 5.072091153124347e-05]",AfD,AfD
"[0.960420548915863, 0.0022312235087156296, 0.03502576798200607, 0.0013474319130182266, 0.000611580500844866, 0.0003634211316239089]",AfD,AfD
"[0.0005836288910359144, 0.005655226763337851, 0.002255443949252367, 0.017329085618257523, 0.9162629842758179, 0.057913638651371]",LINKE,LINKE
"[0.0004898234619759023, 0.8285332918167114, 0.02119920216500759, 0.011046724393963814, 0.004345989786088467, 0.13438493013381958]",CDU/CSU,CDU/CSU
"[0.00030862161656841636, 0.8651478290557861, 0.09949194639921188, 0.013391847722232342, 0.0007510812138207257, 0.020908718928694725]",CDU/CSU,CDU/CSU
"[0.00301378290168941, 0.9336705803871155, 0.02617308497428894, 0.0005242139450274408, 0.00032682213350199163, 0.03629152104258537]",CDU/CSU,CDU/CSU
"[0.0001436714519513771, 0.005859502125531435, 0.002882735338062048, 0.02640198916196823, 0.00010982912499457598, 0.9646022319793701]",SPD,SPD
"[0.0015484009636566043, 0.020321672782301903, 0.0007933396263979375, 0.10362774133682251, 0.5508188605308533, 0.32288992404937744]",LINKE,LINKE
"[0.00019432304543443024, 0.1429837942123413, 0.019739966839551926, 0.061840299516916275, 0.00014428066788241267, 0.7750973701477051]",SPD,SPD
"[0.0010250021005049348, 0.18685515224933624, 0.08310849219560623, 0.02634843997657299, 0.001693552709184587, 0.700969398021698]",SPD,SPD
"[0.006377540994435549, 0.6729047298431396, 0.21221929788589478, 0.0007953110034577549, 0.007618868723511696, 0.1000843271613121]",CDU/CSU,CDU/CSU
"[0.00035689168726094067, 0.004136634524911642, 0.17130258679389954, 0.7272650003433228, 0.00032779364846646786, 0.09661103785037994]",GRÜNE,GRÜNE
"[0.00010699508129619062, 0.019013142213225365, 0.007021620403975248, 0.010723114013671875, 0.0001648630277486518, 0.9629703164100647]",SPD,SPD
"[0.00020819845667574555, 0.02209261991083622, 0.6427851319313049, 0.3247414529323578, 0.0007944515091367066, 0.009378156624734402]",FDP,FDP
"[0.0009639503550715744, 0.928307056427002, 0.052327319979667664, 0.001053356914781034, 0.0001837971358327195, 0.017164425924420357]",CDU/CSU,CDU/CSU
"[0.00044702584273181856, 0.003095676889643073, 0.3647221326828003, 0.5694568157196045, 0.007386092096567154, 0.05489223450422287]",SPD,GRÜNE
"[0.0898638591170311, 0.7367285490036011, 0.019666604697704315, 0.004763144999742508, 0.0029532471671700478, 0.14602456986904144]",CDU/CSU,CDU/CSU
"[0.00019204897398594767, 0.0073652188293635845, 0.022190099582076073, 0.9674821496009827, 0.0005865612183697522, 0.0021838813554495573]",GRÜNE,GRÜNE
"[0.0004074056341778487, 0.5659775733947754, 0.001065600081346929, 0.0015395397786051035, 0.0004361553583294153, 0.43057364225387573]",SPD,CDU/CSU
"[0.00023805879754945636, 0.5080005526542664, 0.004311256110668182, 0.003932808060199022, 0.00029806094244122505, 0.4832192659378052]",SPD,CDU/CSU
"[0.9749482274055481, 0.016043901443481445, 0.005841339007019997, 0.0002803127863444388, 0.0006773756467737257, 0.002208786318078637]",AfD,AfD
"[0.0002850294695235789, 0.0011064589489251375, 0.0008714053547009826, 0.08397385478019714, 0.001004990073852241, 0.9127582311630249]",GRÜNE,SPD
"[0.00017932294576894492, 0.025125011801719666, 0.0023768728133291006, 0.09886723011732101, 0.000895006291102618, 0.8725565075874329]",SPD,SPD
"[0.000387455802410841, 0.016045289114117622, 0.401848167181015, 0.21139755845069885, 0.06893470138311386, 0.30138683319091797]",FDP,FDP
"[0.0007617460796609521, 0.00026080431416630745, 0.004270413890480995, 0.5529000759124756, 0.007889313623309135, 0.4339175820350647]",GRÜNE,GRÜNE
"[0.0035238710697740316, 0.0002742644282989204, 0.0035671505611389875, 0.00046110418043099344, 0.9919739365577698, 0.00019948386761825532]",LINKE,LINKE
"[9.386625606566668e-05, 0.0043264757841825485, 0.004213067702949047, 0.06423203647136688, 0.0009864612948149443, 0.9261481761932373]",SPD,SPD
"[0.0016986523987725377, 0.058198727667331696, 0.09407711774110794, 0.45154136419296265, 0.013144322670996189, 0.3813398480415344]",SPD,GRÜNE
"[0.8891918063163757, 0.00042644786299206316, 0.0011028856970369816, 0.002543088747188449, 0.10599160194396973, 0.0007440667832270265]",AfD,AfD
"[0.00037060852628201246, 0.01679299585521221, 0.00443338043987751, 0.2756787836551666, 0.0006288397125899792, 0.7020953297615051]",SPD,SPD
"[0.21459390223026276, 0.08449865877628326, 0.2808295488357544, 0.3147124946117401, 0.03209363669157028, 0.07327178865671158]",FDP,GRÜNE
"[0.0021721397060900927, 0.5082972645759583, 0.00844504777342081, 0.01893599145114422, 0.003909786231815815, 0.45823973417282104]",CDU/CSU,CDU/CSU
"[0.0009053100366145372, 0.9941841959953308, 0.003703148802742362, 0.0004843136412091553, 0.00047640333650633693, 0.00024660537019371986]",CDU/CSU,CDU/CSU
"[0.0005390946753323078, 0.0017093912465497851, 0.008350840769708157, 0.8830532431602478, 0.09213180840015411, 0.014215640723705292]",LINKE,GRÜNE
"[0.000590425101108849, 0.9003884792327881, 0.09535402059555054, 0.00017229665536433458, 0.0012405532179400325, 0.002254204824566841]",CDU/CSU,CDU/CSU
"[0.00026239894214086235, 0.06545323878526688, 0.010342474095523357, 0.05069994553923607, 0.00022989040007814765, 0.8730120658874512]",SPD,SPD
"[0.0013747772900387645, 0.6510931849479675, 0.32961714267730713, 0.014599071815609932, 0.002602383028715849, 0.0007134070037864149]",CDU/CSU,CDU/CSU
"[0.00027633761055767536, 0.6986395120620728, 0.015252798795700073, 0.2545580267906189, 0.0036550790537148714, 0.02761825919151306]",CDU/CSU,CDU/CSU
"[0.0005792009178549051, 0.011341171339154243, 0.1733625829219818, 0.10790599137544632, 0.000678722164593637, 0.7061323523521423]",SPD,SPD
"[0.0022266495507210493, 0.5295087099075317, 0.23228611052036285, 0.08920861035585403, 0.0292659942060709, 0.11750391870737076]",FDP,CDU/CSU
"[0.0004203928983770311, 0.9517821669578552, 0.0014733936404809356, 0.00014988059410825372, 0.0004740016011055559, 0.045700158923864365]",CDU/CSU,CDU/CSU
"[0.002093130722641945, 0.3217686116695404, 0.6423590779304504, 0.002788548357784748, 0.000569047115277499, 0.030421577394008636]",FDP,FDP
"[0.0008467790321446955, 0.6328873038291931, 0.1519809514284134, 0.07283683121204376, 0.001553557114675641, 0.13989458978176117]",CDU/CSU,CDU/CSU
"[0.8875548243522644, 0.09979774057865143, 0.0020890263840556145, 0.0018681142246350646, 0.0029866762924939394, 0.005703658331185579]",AfD,AfD
"[0.000767119403462857, 0.16326431930065155, 0.8263612389564514, 0.007460157386958599, 0.000208125842618756, 0.001939040725119412]",FDP,FDP
"[0.003924440126866102, 0.03426388278603554, 0.0010649487376213074, 0.13708919286727905, 0.7847666144371033, 0.03889097273349762]",LINKE,LINKE
"[0.9988777041435242, 0.0003954527492169291, 0.0002015049831243232, 8.397890633204952e-05, 0.0003425672184675932, 9.880994912236929e-05]",AfD,AfD
"[0.0001301737065659836, 0.00022100085334386677, 4.140335659030825e-05, 0.0011607923079282045, 0.9976977705955505, 0.0007488693227060139]",LINKE,LINKE
"[0.3480529487133026, 0.5576251745223999, 0.08335307240486145, 0.0013400851748883724, 0.0020600284915417433, 0.007568692788481712]",AfD,CDU/CSU
"[0.01084150094538927, 0.7647275924682617, 0.07941848784685135, 0.02340395748615265, 0.0829613208770752, 0.0386471189558506]",CDU/CSU,CDU/CSU
"[0.00019423477351665497, 0.04234344884753227, 0.026096424087882042, 0.047456346452236176, 0.00028940054471604526, 0.8836201429367065]",SPD,SPD
"[0.30231809616088867, 0.5077493786811829, 0.10469543188810349, 0.017148155719041824, 0.012411665171384811, 0.05567723140120506]",AfD,CDU/CSU
"[0.00023849951685406268, 0.009197595529258251, 0.06480185687541962, 0.911955714225769, 0.00031927385134622455, 0.01348700188100338]",GRÜNE,GRÜNE
"[0.00019566930131986737, 0.0009397303219884634, 0.0011357510229572654, 0.4746389389038086, 0.0009956422727555037, 0.5220942497253418]",SPD,SPD
"[0.9883663654327393, 0.0003462833119556308, 0.0006323897396214306, 0.0002231072576250881, 0.010353469289839268, 7.832494884496555e-05]",AfD,AfD
"[0.0015532888937741518, 0.08927614241838455, 0.8520351648330688, 0.04901527613401413, 0.0024972830433398485, 0.005622830707579851]",FDP,FDP
"[0.0004450572596397251, 0.4725709855556488, 0.01253027468919754, 0.005644079763442278, 0.000681648903992027, 0.5081279873847961]",CDU/CSU,SPD
"[0.0002847491705324501, 0.9488876461982727, 0.04897381365299225, 0.0006958622252568603, 0.00038704200414940715, 0.0007708962075412273]",CDU/CSU,CDU/CSU
"[0.00022957372129894793, 0.0001672153448453173, 0.0002488287282176316, 0.09618636965751648, 0.9024750590324402, 0.0006929823430255055]",LINKE,LINKE
"[0.0006878535496070981, 0.000858559156768024, 0.0005630568484775722, 0.9470573663711548, 0.049801602959632874, 0.001031582592986524]",GRÜNE,GRÜNE
"[0.0008590277284383774, 0.2430669516324997, 0.2601217031478882, 0.0013437718152999878, 0.0014146214816719294, 0.49319395422935486]",CDU/CSU,SPD
"[0.0003052288375329226, 0.1972222924232483, 0.04465971887111664, 0.1268761157989502, 0.011242005042731762, 0.6196946501731873]",SPD,SPD
"[0.0060516600497066975, 0.3352850377559662, 0.07554637640714645, 0.00433338200673461, 0.4472273290157318, 0.1315562129020691]",LINKE,LINKE
"[0.998455822467804, 0.000491326383780688, 0.00058181636268273, 3.6358891520649195e-05, 0.0003535194555297494, 8.110303315334022e-05]",AfD,AfD
"[0.0006423984305001795, 0.07457564771175385, 0.0007950722938403487, 0.364616721868515, 0.0010460477788001299, 0.5583240389823914]",SPD,SPD
"[0.00037925943615846336, 0.23752649128437042, 0.26000460982322693, 0.1194426491856575, 0.0004762986209243536, 0.3821706771850586]",SPD,SPD
"[0.0007499526254832745, 0.690560519695282, 0.1392524540424347, 0.0011324061779305339, 0.01726711541414261, 0.15103749930858612]",CDU/CSU,CDU/CSU
"[0.016834601759910583, 0.4770631790161133, 0.00323120248503983, 0.3542836904525757, 0.05578405037522316, 0.09280326962471008]",CDU/CSU,CDU/CSU
"[0.0002411481982562691, 0.48290687799453735, 0.007908049039542675, 0.016103621572256088, 0.00022211598115973175, 0.492618203163147]",SPD,SPD
"[0.0010421107290312648, 0.006941456347703934, 0.9890889525413513, 0.00037831327063031495, 0.00013933911395724863, 0.0024098798166960478]",FDP,FDP
"[0.00043056122376583517, 0.01901101879775524, 0.9118454456329346, 0.023931801319122314, 0.0006007577758282423, 0.04418041929602623]",FDP,FDP
"[0.00025923893554136157, 0.010453056544065475, 0.09122000634670258, 0.8119845390319824, 0.00026971689658239484, 0.08581340312957764]",GRÜNE,GRÜNE
"[0.0006137978634797037, 0.05696931108832359, 0.03099929541349411, 0.11684566736221313, 0.0017112065106630325, 0.792860746383667]",SPD,SPD
"[0.24210698902606964, 0.0011368587147444487, 0.0021036549005657434, 0.0032433741725981236, 0.7512160539627075, 0.0001931148290168494]",AfD,LINKE
"[0.00012502270692493767, 0.001478388556279242, 0.011649295687675476, 0.1439264416694641, 0.0001977207575691864, 0.8426230549812317]",SPD,SPD
"[0.0013480912894010544, 0.6654458045959473, 0.21833311021327972, 0.014965448528528214, 0.001274303300306201, 0.0986332967877388]",CDU/CSU,CDU/CSU
"[0.0003065774217247963, 0.0001114810147555545, 3.9957707485882565e-05, 0.00040741334669291973, 0.9989230632781982, 0.0002114383823936805]",LINKE,LINKE
"[0.00025230602477677166, 0.0392950065433979, 0.6142803430557251, 0.06522713601589203, 0.0012320735258981586, 0.27971312403678894]",FDP,FDP
"[0.00015280823572538793, 0.02782006375491619, 0.9115774035453796, 0.016497664153575897, 0.0003598017792683095, 0.04359230399131775]",FDP,FDP
"[0.9993056654930115, 0.00020352014689706266, 0.00012728534056805074, 6.637728802161291e-05, 0.00022685399744659662, 7.02243996784091e-05]",AfD,AfD
"[0.0003981591435149312, 0.005615475121885538, 0.3589443266391754, 0.2184308022260666, 0.0002413182519376278, 0.4163699150085449]",FDP,SPD
"[0.0007283393642865121, 0.014615119434893131, 0.009023372083902359, 0.12451191246509552, 0.8407726287841797, 0.010348618030548096]",LINKE,LINKE
"[0.0003738264786079526, 0.044950272887945175, 0.13026174902915955, 0.0877222865819931, 0.0015041108708828688, 0.7351877689361572]",SPD,SPD
"[0.000373433722415939, 0.1235627606511116, 0.028245210647583008, 0.25190553069114685, 0.0006790775223635137, 0.5952339768409729]",SPD,SPD
"[0.00045573650277219713, 0.8797517418861389, 0.014585648663341999, 0.001996448962017894, 0.0007049308042041957, 0.10250543802976608]",CDU/CSU,CDU/CSU
"[0.0003096385335084051, 0.008290636353194714, 0.45326030254364014, 0.05275709927082062, 0.00024034330272115767, 0.48514196276664734]",FDP,SPD
"[0.00020833131566178054, 0.00014156225370243192, 5.636385321849957e-05, 0.0004430013941600919, 0.9988429546356201, 0.0003077428264077753]",LINKE,LINKE
"[0.00021387850574683398, 0.0004980130470357835, 0.011744850315153599, 0.7774620056152344, 0.0016576331108808517, 0.20842361450195312]",GRÜNE,GRÜNE
"[0.00037497314042411745, 0.008468291722238064, 0.01043818611651659, 0.598210871219635, 0.002621927298605442, 0.37988579273223877]",GRÜNE,GRÜNE
"[0.04447294771671295, 0.0035204242449253798, 0.05418425798416138, 0.5221413969993591, 0.04108194634318352, 0.33459901809692383]",SPD,GRÜNE
"[0.00025438464945182204, 0.009450994431972504, 0.0020399438217282295, 0.24867048859596252, 0.0004030474228784442, 0.7391811609268188]",SPD,SPD
"[0.00024582186597399414, 0.9476822018623352, 0.03620404377579689, 0.0016009182436391711, 0.0002036298392340541, 0.014063403941690922]",CDU/CSU,CDU/CSU
"[0.00025175639893859625, 0.9975647926330566, 0.0015930129447951913, 0.00017144682351499796, 0.0001343292387900874, 0.0002845588605850935]",CDU/CSU,CDU/CSU
"[0.0005938307149335742, 0.9104306697845459, 0.05796793848276138, 0.008823523297905922, 0.0009154882864095271, 0.02126854471862316]",CDU/CSU,CDU/CSU
"[0.000882931228261441, 0.9949267506599426, 0.0009052744135260582, 0.0007712193764746189, 0.00017837906489148736, 0.002335457131266594]",CDU/CSU,CDU/CSU
"[0.0013589762384071946, 0.0008902426343411207, 0.003252820111811161, 0.4371383488178253, 0.5559927821159363, 0.0013667428866028786]",LINKE,LINKE
"[0.0002224112395197153, 0.05612053722143173, 0.936517596244812, 0.001829625340178609, 0.0002787258999887854, 0.005031087435781956]",FDP,FDP
"[0.00048196909483522177, 0.32138344645500183, 0.06536710262298584, 0.019653458148241043, 0.0005807262496091425, 0.5925332903862]",CDU/CSU,SPD
"[8.261659240815789e-05, 0.00341039034537971, 0.0037390042562037706, 0.9873396158218384, 0.002556511200964451, 0.0028718840330839157]",GRÜNE,GRÜNE
"[0.0004973146133124828, 0.00029316998552531004, 0.0004331568197812885, 0.9069342613220215, 0.021963194012641907, 0.0698789432644844]",GRÜNE,GRÜNE
"[0.0005565790343098342, 0.000307822716422379, 0.0010194655042141676, 0.0019004320492967963, 0.9960525035858154, 0.00016316442633979023]",LINKE,LINKE
"[0.00023452774621546268, 0.0003830256755463779, 8.911508484743536e-05, 0.0022491838317364454, 0.9955861568450928, 0.0014579594135284424]",LINKE,LINKE
"[0.000279771804343909, 0.9979079961776733, 0.0007133508916012943, 0.0003194002201780677, 0.0003643469244707376, 0.0004150365712121129]",CDU/CSU,CDU/CSU
"[0.00023699275334365666, 0.9948328733444214, 0.004033912438899279, 0.00039096720865927637, 0.00010902832582360134, 0.0003961480688303709]",CDU/CSU,CDU/CSU
"[0.0019286584574729204, 0.492958664894104, 0.4779827892780304, 0.007892567664384842, 0.003042470198124647, 0.01619482785463333]",CDU/CSU,CDU/CSU
"[0.001910812221467495, 0.01128885056823492, 0.9858630299568176, 0.00034111333661712706, 0.000190439066500403, 0.0004057056794408709]",FDP,FDP
"[0.00014024745905771852, 0.00012153238640166819, 6.439660501200706e-05, 0.0013924884842708707, 0.9981741905212402, 0.00010704901069402695]",LINKE,LINKE
"[0.00026818341575562954, 0.8947713375091553, 0.015727877616882324, 0.048548586666584015, 0.0005020847311243415, 0.04018189758062363]",CDU/CSU,CDU/CSU
"[0.9982626438140869, 0.00023564748698845506, 0.00022209802409633994, 0.00017065067368093878, 0.0010017084423452616, 0.00010728707275120541]",AfD,AfD
"[0.0003079315647482872, 0.9069424271583557, 0.011037620715796947, 0.0007112307357601821, 0.00028075199224986136, 0.08071998506784439]",CDU/CSU,CDU/CSU
"[0.0012561114272102714, 0.012832711450755596, 0.018525579944252968, 0.2895210385322571, 0.6601418256759644, 0.017722753807902336]",LINKE,LINKE
"[0.0006451679510064423, 0.006102173589169979, 0.0026872456073760986, 0.04335528239607811, 0.9431250095367432, 0.0040851193480193615]",LINKE,LINKE
"[0.3410468101501465, 0.46579962968826294, 0.18694064021110535, 0.001479060621932149, 0.004198921844363213, 0.0005349558778107166]",AfD,CDU/CSU
"[0.0011772435391321778, 0.5141336917877197, 0.4594863951206207, 0.007593868300318718, 0.001247592270374298, 0.016361190006136894]",CDU/CSU,CDU/CSU
"[0.0009373388602398336, 0.2327408790588379, 0.013515844941139221, 0.6445616483688354, 0.09624005109071732, 0.01200427021831274]",GRÜNE,GRÜNE
"[0.00018716046179179102, 0.0005136490217410028, 0.9987369179725647, 0.0001795106363715604, 0.00011726861703209579, 0.00026547384914010763]",FDP,FDP
"[0.00038279645377770066, 0.2802339494228363, 0.05698150396347046, 0.014410724863409996, 0.00022969150450080633, 0.6477612853050232]",SPD,SPD
"[0.0003625810204539448, 0.455005019903183, 0.046178895980119705, 0.05118343234062195, 0.0003497340658213943, 0.44692039489746094]",SPD,CDU/CSU
"[0.0003012614033650607, 0.6089785099029541, 0.014826389029622078, 0.002072317758575082, 0.0010629115859046578, 0.37275856733322144]",CDU/CSU,CDU/CSU
"[0.9965096116065979, 0.001530048088170588, 0.0010391644900664687, 0.00019891878764610738, 0.0006350107141770422, 8.718277240404859e-05]",AfD,AfD
"[0.1775686889886856, 0.22302435338497162, 0.28673240542411804, 0.0444972962141037, 0.036085523664951324, 0.23209170997142792]",SPD,FDP
"[0.00026663756580092013, 0.2001010626554489, 0.001835792907513678, 0.01069555152207613, 0.00036782363895326853, 0.7867331504821777]",SPD,SPD
"[0.0042684730142354965, 0.49612581729888916, 0.030785899609327316, 0.2923632562160492, 0.010798466391861439, 0.1656581163406372]",GRÜNE,CDU/CSU
"[0.0017853404860943556, 0.8874865770339966, 0.05383618548512459, 0.00018290511798113585, 0.0006061571184545755, 0.056102849543094635]",CDU/CSU,CDU/CSU
"[0.9983707070350647, 0.0011675457935780287, 0.0001249047927558422, 6.711838796036318e-05, 0.000199013389647007, 7.075281610013917e-05]",AfD,AfD
"[0.00021617916354443878, 0.004728261847048998, 0.02180802822113037, 0.298438161611557, 0.0002374205505475402, 0.6745719313621521]",SPD,SPD
"[0.0005638921284116805, 0.7896461486816406, 0.0006028383504599333, 0.08515381067991257, 0.01420564390718937, 0.1098276674747467]",CDU/CSU,CDU/CSU
"[0.0027238454204052687, 0.6248486042022705, 0.3414592146873474, 0.016515780240297318, 0.0003644496318884194, 0.014088058844208717]",CDU/CSU,CDU/CSU
"[0.0056074559688568115, 0.02438720129430294, 0.8955020904541016, 0.0643475353717804, 0.0045629385858774185, 0.0055927978828549385]",AfD,FDP
"[0.010323639959096909, 0.27753153443336487, 0.027718007564544678, 0.0900140032172203, 0.030856799334287643, 0.5635560154914856]",SPD,SPD
"[0.003742879955098033, 0.6864804625511169, 0.28650394082069397, 0.0025088193360716105, 0.0011051655746996403, 0.019658716395497322]",CDU/CSU,CDU/CSU
"[0.0013770475052297115, 0.05865761265158653, 0.02571423351764679, 0.5416781902313232, 0.37081170082092285, 0.0017612032825127244]",LINKE,GRÜNE
"[0.9948312640190125, 0.00024837953969836235, 0.0007490140269510448, 0.00013367764768190682, 0.003967531491070986, 7.015630399109796e-05]",AfD,AfD
"[0.005287397652864456, 0.07353580743074417, 0.020447595044970512, 0.38544121384620667, 0.43041086196899414, 0.08487716317176819]",LINKE,LINKE
"[0.00035311965621076524, 0.9577324986457825, 0.0037771211937069893, 0.00107215391471982, 0.0002588826173450798, 0.03680623695254326]",CDU/CSU,CDU/CSU
"[0.00020175555255264044, 0.014720916748046875, 0.028340885415673256, 0.6746103763580322, 0.000427748920628801, 0.28169822692871094]",SPD,GRÜNE
"[0.9990924000740051, 0.00013608791050501168, 0.0005366711993701756, 6.105969077907503e-05, 0.00011068627645727247, 6.316159851849079e-05]",AfD,AfD
"[0.0002567735791672021, 0.00029660676955245435, 0.000489373633172363, 0.8816378712654114, 0.10465249419212341, 0.012666843831539154]",GRÜNE,GRÜNE
"[0.0005194535478949547, 0.05566464364528656, 0.0971347838640213, 0.19053798913955688, 0.004441794473677874, 0.6517013311386108]",SPD,SPD
"[0.00016758809215389192, 0.9866470098495483, 0.009361594915390015, 0.0001976747444132343, 0.00011198988067917526, 0.003514112439006567]",CDU/CSU,CDU/CSU
"[0.0002173155953641981, 0.0004977923235855997, 0.009947818703949451, 0.8528680801391602, 0.00036330430884845555, 0.13610565662384033]",GRÜNE,GRÜNE
"[0.0009299139492213726, 0.9817104339599609, 0.003309555584564805, 0.008051895536482334, 0.0033397190272808075, 0.0026583715807646513]",CDU/CSU,CDU/CSU
"[0.0016197658842429519, 0.250381201505661, 0.6668047308921814, 0.07210094481706619, 0.0006239117938093841, 0.008469522930681705]",FDP,FDP
"[0.9924216270446777, 0.0010176111245527864, 0.0027967900969088078, 0.00020062363182660192, 0.0032389950938522816, 0.0003243176033720374]",AfD,AfD
"[0.0003855472896248102, 0.0008296389132738113, 0.011976316571235657, 0.47325363755226135, 0.0023115708027035, 0.5112432837486267]",GRÜNE,SPD
"[0.00029655214166268706, 0.3192176818847656, 0.007994159124791622, 0.0017461017705500126, 0.001870551030151546, 0.668874979019165]",FDP,SPD
"[0.00014871268649585545, 0.0018025182653218508, 0.011614167131483555, 0.018579350784420967, 0.0001305926707573235, 0.9677246809005737]",SPD,SPD
"[0.0011732133571058512, 0.683157205581665, 0.25761300325393677, 0.005615360103547573, 0.0003846691979561001, 0.05205652862787247]",CDU/CSU,CDU/CSU
"[0.004968855995684862, 0.06329209357500076, 0.7113974094390869, 0.20347730815410614, 0.007797264028340578, 0.009067094884812832]",FDP,FDP
"[0.00021075052791275084, 0.028208795934915543, 0.0006333494675345719, 0.0009264053078368306, 0.00039747939445078373, 0.9696232080459595]",SPD,SPD
"[0.0006077989819459617, 0.7512224316596985, 0.20628397166728973, 0.028204886242747307, 0.0002893422788474709, 0.013391565531492233]",CDU/CSU,CDU/CSU
"[0.002230658195912838, 0.006467118859291077, 0.70818692445755, 0.26902711391448975, 0.0009085352066904306, 0.01317963469773531]",FDP,FDP
"[0.03125710412859917, 0.7494301199913025, 0.16084201633930206, 0.00965669471770525, 0.001075325533747673, 0.04773879051208496]",CDU/CSU,CDU/CSU
"[0.0005868179141543806, 0.9170444011688232, 0.045693475753068924, 0.0014129714109003544, 0.000220984555198811, 0.035041358321905136]",CDU/CSU,CDU/CSU
"[0.0006194434245117009, 0.5272800326347351, 0.01102814357727766, 0.09316324442625046, 0.003358111483976245, 0.36455103754997253]",SPD,CDU/CSU
"[0.00025202761753462255, 0.9965746998786926, 0.0011241009924560785, 0.00015794404316693544, 0.0014137537218630314, 0.0004775161505676806]",CDU/CSU,CDU/CSU
"[0.00021386567095760256, 0.2112678736448288, 0.018492350354790688, 0.03534318506717682, 0.0008417409844696522, 0.7338409423828125]",SPD,SPD
"[0.00021931692026555538, 0.07721268385648727, 0.0043640402145683765, 0.002228983212262392, 0.0004677051620092243, 0.9155071973800659]",SPD,SPD
"[0.00042409086017869413, 0.2501285970211029, 0.010686242952942848, 0.3872455954551697, 0.0004430249391589314, 0.35107240080833435]",GRÜNE,GRÜNE
"[0.00046756211668252945, 0.007628816179931164, 0.021576369181275368, 0.6804953813552856, 0.28710469603538513, 0.0027271495200693607]",GRÜNE,GRÜNE
"[0.0014055523788556457, 0.0006010102806612849, 0.03572532534599304, 0.06490541994571686, 0.896976888179779, 0.0003858561394736171]",LINKE,LINKE
"[0.0004890598938800395, 0.0015681465156376362, 0.12695053219795227, 0.4654630422592163, 0.0005964344018138945, 0.40493282675743103]",GRÜNE,GRÜNE
"[0.0003625531680881977, 0.592098593711853, 0.3162074089050293, 0.03659311681985855, 0.0020383973605930805, 0.052699893712997437]",FDP,CDU/CSU
"[0.27720797061920166, 0.5304321050643921, 0.02916782908141613, 0.008489744737744331, 0.0029550844337791204, 0.15174728631973267]",SPD,CDU/CSU
"[0.9911534786224365, 0.0004668631299864501, 0.000256456172792241, 0.00016206945292651653, 0.00762742618098855, 0.00033364727278240025]",AfD,AfD
"[0.00045859618694521487, 0.8706524968147278, 0.10197336971759796, 0.0019707665778696537, 0.000534063030499965, 0.024410763755440712]",CDU/CSU,CDU/CSU
"[0.9991167783737183, 0.0004757180577144027, 0.00015057437121868134, 4.075856850249693e-05, 0.0001412347482983023, 7.489190466003492e-05]",AfD,AfD
"[0.00019599810184445232, 0.9556663036346436, 0.018486274406313896, 0.001058525638654828, 0.00043896757415495813, 0.02415391057729721]",CDU/CSU,CDU/CSU
"[0.18804578483104706, 0.12873926758766174, 0.08086424320936203, 0.19775791466236115, 0.1911839246749878, 0.21340887248516083]",AfD,SPD
"[0.0001672599173616618, 0.0002962928847409785, 0.9987788200378418, 0.0002876612707041204, 0.0002230938262073323, 0.0002468785969540477]",FDP,FDP
"[0.0005724438815377653, 0.0015276898629963398, 0.2960720956325531, 0.16249756515026093, 0.0008203780744224787, 0.5385097861289978]",SPD,SPD
"[0.00014572877262253314, 0.00018047899357043207, 0.00010006006777985021, 0.00022993622405920178, 0.9992448091506958, 9.908767242450267e-05]",LINKE,LINKE
"[0.0005132543155923486, 0.12833426892757416, 0.5130041241645813, 0.01476353406906128, 0.00019896344747394323, 0.3431859016418457]",FDP,FDP
"[0.00024751684395596385, 0.16755330562591553, 0.006919127888977528, 0.016353266313672066, 0.003305276855826378, 0.8056215047836304]",SPD,SPD
"[0.000574389414396137, 0.15749894082546234, 0.0011129755293950438, 0.020103542134165764, 0.008186589926481247, 0.8125235438346863]",SPD,SPD
"[0.0022773449309170246, 0.35365405678749084, 0.03303631767630577, 0.45434728264808655, 0.09741658717393875, 0.05926835536956787]",LINKE,GRÜNE
"[0.9930672645568848, 0.00211352645419538, 0.0011660041054710746, 0.00019263233116362244, 0.002542276866734028, 0.0009182027424685657]",AfD,AfD
"[0.0038255678955465555, 0.7027995586395264, 0.018877428025007248, 0.0020198978018015623, 0.0008484977297484875, 0.27162912487983704]",CDU/CSU,CDU/CSU
"[0.0007557645440101624, 0.8895065188407898, 0.06234311684966087, 0.0047345818020403385, 0.00036422404809854925, 0.04229583218693733]",CDU/CSU,CDU/CSU
"[0.00022407220967579633, 0.016470663249492645, 0.002279203152284026, 0.613646924495697, 0.001710214652121067, 0.3656688630580902]",SPD,GRÜNE
"[0.007061045151203871, 0.00030305393738672137, 0.0006197045440785587, 0.0007453197031281888, 0.9912125468254089, 5.834945113747381e-05]",LINKE,LINKE
"[0.008556634187698364, 0.05666109174489975, 0.04957778379321098, 0.06873747706413269, 0.4838927090167999, 0.3325742781162262]",GRÜNE,LINKE
"[0.9669382572174072, 0.0014976090751588345, 0.03030521050095558, 0.00022490863921120763, 0.0007863839273341, 0.000247660034801811]",AfD,AfD
"[0.0014297725865617394, 0.10322225838899612, 0.017346443608403206, 0.04448540881276131, 0.20687520503997803, 0.6266408562660217]",SPD,SPD
"[0.0009425464668311179, 0.024762310087680817, 0.8543491363525391, 0.09473475813865662, 0.008845377713441849, 0.01636584848165512]",FDP,FDP
"[0.4146878719329834, 0.005472333170473576, 0.5758790969848633, 0.002531135454773903, 0.000988229876384139, 0.0004413745191413909]",FDP,FDP
"[0.00023397181939799339, 0.0031081854831427336, 0.10817545652389526, 0.6463944911956787, 0.0008297143504023552, 0.2412581592798233]",GRÜNE,GRÜNE
"[0.0008622884633950889, 0.6281827092170715, 0.25643470883369446, 0.005318500567227602, 0.0007259685662575066, 0.10847587138414383]",CDU/CSU,CDU/CSU
"[0.9990617632865906, 0.000279421714367345, 0.0004896633327007294, 4.821580296265893e-05, 7.374968845397234e-05, 4.71310195280239e-05]",AfD,AfD
"[0.9993616938591003, 0.00021879051928408444, 0.00012345578579697758, 3.95432798541151e-05, 0.00020462030079215765, 5.191899981582537e-05]",AfD,AfD
"[0.008252241648733616, 0.909720242023468, 0.011002686806023121, 0.003536718199029565, 0.001145965768955648, 0.06634210795164108]",CDU/CSU,CDU/CSU
"[0.00041914897155947983, 0.5596975088119507, 0.018913855776190758, 0.3929262161254883, 0.0031039791647344828, 0.02493930794298649]",GRÜNE,CDU/CSU
"[0.0006330072064884007, 0.20880985260009766, 0.07158815860748291, 0.06234801560640335, 0.12138939648866653, 0.5352315306663513]",SPD,SPD
"[0.0004305124166421592, 0.5805425643920898, 0.033865027129650116, 0.3803282380104065, 0.00419214554131031, 0.0006414838717319071]",CDU/CSU,CDU/CSU
"[0.00015274039469659328, 0.053335219621658325, 0.001709659118205309, 0.0038812465500086546, 0.00017760756600182503, 0.9407435059547424]",SPD,SPD
"[0.9736628532409668, 0.004354474600404501, 0.015330906957387924, 0.000501008122228086, 0.0025030432734638453, 0.003647702746093273]",AfD,AfD
"[0.002329463604837656, 0.9848280549049377, 0.0036913519725203514, 0.0002609536750242114, 0.008508274331688881, 0.00038192601641640067]",CDU/CSU,CDU/CSU
"[0.000406881415983662, 0.0601409375667572, 0.7879597544670105, 0.11153010278940201, 0.0002273454301757738, 0.039735015481710434]",FDP,FDP
"[0.0007406471413560212, 0.7760775685310364, 0.0020111901685595512, 0.03533189743757248, 0.00048816227354109287, 0.1853504776954651]",CDU/CSU,CDU/CSU
"[0.00025207456201314926, 0.2607978880405426, 0.03246955946087837, 0.6508398056030273, 0.001668823417276144, 0.0539717860519886]",GRÜNE,GRÜNE
"[0.946973979473114, 0.0009499756852164865, 0.05089195445179939, 0.00020264995691832155, 0.0006366812740452588, 0.00034475268330425024]",AfD,AfD
"[0.0049191806465387344, 0.4528086185455322, 0.3591812551021576, 0.024090327322483063, 0.0030260637868195772, 0.15597450733184814]",FDP,CDU/CSU
"[0.0005171230295673013, 0.24096274375915527, 0.05021021515130997, 0.23918768763542175, 0.005956689827144146, 0.4631655216217041]",SPD,SPD
"[0.00022640787938144058, 0.7979909181594849, 0.1860424429178238, 0.0021856902167201042, 0.00015754651394672692, 0.013396990485489368]",CDU/CSU,CDU/CSU
"[0.9993457198143005, 0.0003204242093488574, 0.0001222557621076703, 3.723827830981463e-05, 0.00011385443212930113, 6.044010660843924e-05]",AfD,AfD
"[0.0010857901070266962, 0.0008390747825615108, 0.4155494272708893, 0.15387000143527985, 0.0005527154426090419, 0.4281030595302582]",GRÜNE,SPD
"[0.00019756336405407637, 0.9535973072052002, 0.0013703923905268312, 0.0003237333439756185, 0.00022124226961750537, 0.044289812445640564]",CDU/CSU,CDU/CSU
"[0.983727753162384, 0.0004324505280237645, 0.0035514419432729483, 0.0013418802991509438, 0.010633892379701138, 0.00031252868939191103]",AfD,AfD
"[0.00029265027842484415, 0.3098076283931732, 0.0769115686416626, 0.01359874289482832, 0.00011466041905805469, 0.5992746949195862]",FDP,SPD
"[0.001235887291841209, 0.0008299847831949592, 0.9973851442337036, 0.00024055530957411975, 0.00018572420231066644, 0.000122657889733091]",FDP,FDP
"[0.07123775035142899, 0.6976392269134521, 0.11682804673910141, 0.009795163758099079, 0.004119172226637602, 0.10038062930107117]",CDU/CSU,CDU/CSU
"[0.0003946509677916765, 0.6369049549102783, 0.03762608394026756, 0.0023538072127848864, 0.0001159069943241775, 0.32260459661483765]",CDU/CSU,CDU/CSU
"[0.00266887154430151, 0.2769904136657715, 0.004416829440742731, 0.10866976529359818, 0.011095565743744373, 0.5961585640907288]",SPD,SPD
"[0.0026018775533884764, 0.44359198212623596, 0.0021235905587673187, 0.3220132291316986, 0.010503841564059258, 0.21916547417640686]",CDU/CSU,CDU/CSU
"[0.2905808985233307, 0.009995594620704651, 0.6791818737983704, 0.0074533578008413315, 0.00021614514116663486, 0.012571997009217739]",FDP,FDP
"[0.0007776393322274089, 0.7974658012390137, 0.11008386313915253, 0.024375762790441513, 0.0004888157127425075, 0.0668080672621727]",CDU/CSU,CDU/CSU
"[0.2506452202796936, 0.3085639774799347, 0.038307223469018936, 0.017442913725972176, 0.06126940995454788, 0.32377126812934875]",AfD,SPD
"[0.000643479055725038, 0.3712555766105652, 0.1328897476196289, 0.019325286149978638, 0.0006727617583237588, 0.47521311044692993]",CDU/CSU,SPD
"[0.00023062556283548474, 0.002075145486742258, 0.0016728693153709173, 0.922406792640686, 0.00029131321934983134, 0.07332322746515274]",GRÜNE,GRÜNE
"[0.001020521973259747, 0.00038883520755916834, 0.008245752193033695, 0.35047686100006104, 0.0006945852655917406, 0.6391734480857849]",GRÜNE,SPD
"[0.0002841004461515695, 0.007693605963140726, 0.14789330959320068, 0.16022928059101105, 0.00049372244393453, 0.6834059357643127]",GRÜNE,SPD
"[0.0004182519332971424, 0.6980218887329102, 0.2853507697582245, 0.003191704396158457, 0.00021072143863420933, 0.012806583195924759]",CDU/CSU,CDU/CSU
"[0.0006403973093256354, 0.1145244911313057, 0.0031577274203300476, 0.5516580939292908, 0.322721928358078, 0.007297327276319265]",LINKE,GRÜNE
"[0.001425336697138846, 0.2921203374862671, 0.000704909092746675, 0.19531740248203278, 0.04792100936174393, 0.46251100301742554]",SPD,SPD
"[0.0005064378492534161, 0.8391553163528442, 0.05367174744606018, 0.020337160676717758, 0.0009948753286153078, 0.08533448725938797]",CDU/CSU,CDU/CSU
"[0.0004150112217757851, 0.009457149542868137, 0.0032420773059129715, 0.8858661651611328, 0.05674224719405174, 0.04427730292081833]",GRÜNE,GRÜNE
"[0.00021690003632102162, 0.5655641555786133, 0.006617989391088486, 0.004833596292883158, 0.00043455310515128076, 0.422332763671875]",CDU/CSU,CDU/CSU
"[0.0002059359976556152, 0.001775239361450076, 0.007736126892268658, 0.7996137142181396, 0.0008834198815748096, 0.18978551030158997]",GRÜNE,GRÜNE
"[0.0025599857326596975, 0.1865445077419281, 0.25052323937416077, 0.2882746458053589, 0.003714335383847356, 0.26838332414627075]",GRÜNE,GRÜNE
"[0.39549627900123596, 0.26842212677001953, 0.33105945587158203, 0.0006008718046359718, 0.0012226849794387817, 0.003198597813025117]",AfD,AfD
"[0.0005337135517038405, 0.25224119424819946, 0.0208745039999485, 0.48686423897743225, 0.002192099578678608, 0.2372942715883255]",GRÜNE,GRÜNE
"[0.0004412760608829558, 0.0021308613941073418, 0.0007050753920339048, 0.45498448610305786, 0.4274798631668091, 0.11425843834877014]",LINKE,GRÜNE
"[0.00040395662654191256, 0.7924163341522217, 0.1031058132648468, 0.0005982485017739236, 0.0004157909716013819, 0.1030597984790802]",CDU/CSU,CDU/CSU
"[0.0005980221903882921, 0.13709084689617157, 0.001134459744207561, 0.04474419727921486, 0.2714735269546509, 0.5449588894844055]",SPD,SPD
"[0.009829992428421974, 0.0003594588197302073, 0.00026298570446670055, 0.00038413956644944847, 0.9890711307525635, 9.231666626874357e-05]",AfD,LINKE
"[0.0002477810194250196, 0.00028209525044076145, 0.0001443017099518329, 0.016799192875623703, 0.9821481704711914, 0.00037850867374800146]",LINKE,LINKE
"[0.0006868868949823081, 0.028717055916786194, 0.967017650604248, 0.0010929062264040112, 0.00026717642322182655, 0.002218326088041067]",FDP,FDP
"[0.00014666801143903285, 9.218672494171187e-05, 4.16330476582516e-05, 0.00021205039229243994, 0.999321460723877, 0.00018604053184390068]",LINKE,LINKE
"[0.0004383793566375971, 0.0005378705100156367, 0.0022619355004280806, 0.7889459133148193, 0.012987688183784485, 0.19482822716236115]",GRÜNE,GRÜNE
"[0.0005498527898453176, 0.9237268567085266, 0.0023890172597020864, 0.00042676078737713397, 0.00041916672489605844, 0.07248841226100922]",CDU/CSU,CDU/CSU
"[0.7838302254676819, 0.007307184860110283, 0.014946728013455868, 0.0029346079099923372, 0.1907738894224167, 0.00020736611622851342]",AfD,AfD
"[0.0008898804080672562, 0.9338740110397339, 0.03639877587556839, 0.00994396023452282, 0.005493416450917721, 0.013399933464825153]",CDU/CSU,CDU/CSU
"[0.0003008950443472713, 0.0006457635317929089, 0.0016831817338243127, 0.08641510456800461, 0.9093027710914612, 0.001652238774113357]",LINKE,LINKE
"[0.0005165824550203979, 0.7505480051040649, 0.01745729334652424, 0.009094422683119774, 0.008862264454364777, 0.21352143585681915]",CDU/CSU,CDU/CSU
"[0.00019529613200575113, 0.9861268401145935, 0.009058516472578049, 0.0006706002168357372, 0.0002993423258885741, 0.003649439662694931]",CDU/CSU,CDU/CSU
"[0.43098846077919006, 0.0010771543020382524, 0.004039876628667116, 0.006855269428342581, 0.5559539198875427, 0.0010852982522919774]",AfD,LINKE
"[0.00013295172539073974, 0.00030306592816486955, 0.0013498350745067, 0.9887356758117676, 0.00043664051918312907, 0.009041822515428066]",GRÜNE,GRÜNE
"[0.00010421275510452688, 0.019245091825723648, 0.0018234653398394585, 0.0118595315143466, 0.00016250241606030613, 0.9668052196502686]",SPD,SPD
"[0.00031922015477903187, 0.7399711608886719, 0.06871498376131058, 0.01508539542555809, 0.0008474524947814643, 0.17506174743175507]",CDU/CSU,CDU/CSU
"[0.0011758184991776943, 0.3424099385738373, 0.4288923740386963, 0.023601006716489792, 0.0007865524967201054, 0.20313431322574615]",GRÜNE,FDP
"[0.00019273912766948342, 0.003146947594359517, 0.03838873282074928, 0.9455474019050598, 0.010663327760994434, 0.0020609083585441113]",GRÜNE,GRÜNE
"[0.0010858488967642188, 0.6240454316139221, 0.2646014988422394, 0.033144641667604446, 0.000446744030341506, 0.0766758993268013]",CDU/CSU,CDU/CSU
"[0.992406964302063, 0.00375224812887609, 0.0029992442578077316, 0.00044369377428665757, 0.00018738381913863122, 0.00021045099128969014]",AfD,AfD
"[0.0002881484106183052, 0.0003398949047550559, 0.0064575825817883015, 0.6150929927825928, 0.00023914224584586918, 0.37758225202560425]",GRÜNE,GRÜNE
"[0.00010218887473456562, 0.0015792311169207096, 0.0006417387048713863, 0.20230919122695923, 0.0010944964597001672, 0.7942731380462646]",SPD,SPD
"[0.48435863852500916, 0.000689046224579215, 0.0004221514973323792, 0.0004740260192193091, 0.5134831070899963, 0.0005730133852921426]",LINKE,LINKE
"[0.00026947364676743746, 0.00022627171711064875, 0.003417043946683407, 0.025618698447942734, 0.00031645921990275383, 0.9701520204544067]",SPD,SPD
"[0.6092215180397034, 0.029697434976696968, 0.1829490065574646, 0.11579274386167526, 0.04501556232571602, 0.01732366904616356]",AfD,AfD
"[0.00040944726788438857, 0.28365492820739746, 0.09834751486778259, 0.027046000584959984, 0.0009368316386826336, 0.5896052718162537]",SPD,SPD
"[0.000238373686443083, 0.6664962768554688, 0.0028875761199742556, 0.006971710827201605, 0.00022149081632960588, 0.3231845200061798]",CDU/CSU,CDU/CSU
"[0.00034682403202168643, 0.011524558067321777, 0.004016468767076731, 0.0012295979540795088, 0.00020508548186626285, 0.9826775193214417]",SPD,SPD
"[0.0002057417295873165, 0.003453189041465521, 0.0003761222760658711, 0.45612165331840515, 0.5311686396598816, 0.00867468398064375]",LINKE,LINKE
"[0.0005515587981790304, 0.12996616959571838, 0.025435082614421844, 0.009603142738342285, 0.0014939825050532818, 0.8329500555992126]",SPD,SPD
"[0.0018945608753710985, 0.7414096593856812, 0.08167413622140884, 0.008241457864642143, 0.0006690086447633803, 0.16611114144325256]",CDU/CSU,CDU/CSU
"[0.00010808382648974657, 0.0005714562721550465, 0.9987592697143555, 0.00022718806576449424, 0.0001139653249992989, 0.0002200189046561718]",FDP,FDP
"[0.4059852957725525, 0.05146424099802971, 0.15744109451770782, 0.06945589929819107, 0.3070529103279114, 0.008600537665188313]",AfD,AfD
"[0.0003674992185551673, 0.013613756746053696, 0.2677537500858307, 0.030906356871128082, 0.0006254132022149861, 0.6867332458496094]",SPD,SPD
"[0.9977574944496155, 0.0001855680748121813, 0.0009219113271683455, 0.00036332462332211435, 0.00032791608828119934, 0.00044385241926647723]",AfD,AfD
"[0.3942757248878479, 0.25535571575164795, 0.18401175737380981, 0.13764770328998566, 0.016391651704907417, 0.012317465618252754]",AfD,AfD
"[0.0010013636201620102, 0.6376641392707825, 0.03423518314957619, 0.003230392700061202, 0.0005997242988087237, 0.3232691287994385]",CDU/CSU,CDU/CSU
"[0.0003182263462804258, 0.31217604875564575, 0.017163129523396492, 0.006559285800904036, 0.00019535896717570722, 0.6635879874229431]",CDU/CSU,SPD
"[0.00013611365284305066, 0.0010559974471107125, 0.010228706523776054, 0.15364044904708862, 0.000456188281532377, 0.8344825506210327]",SPD,SPD
"[0.00026895207702182233, 0.00984124094247818, 0.0024976180866360664, 0.07184412330389023, 0.0009049337240867317, 0.9146431088447571]",SPD,SPD
"[0.05778945982456207, 0.24324332177639008, 0.030356407165527344, 0.02556265890598297, 0.08625859022140503, 0.5567895174026489]",SPD,SPD
"[0.23513512313365936, 0.1853066235780716, 0.23791944980621338, 0.017803706228733063, 0.002694996539503336, 0.3211401104927063]",SPD,SPD
"[0.0009922278113663197, 0.0009842996951192617, 0.0007157640648074448, 0.0016733765369281173, 0.9954468607902527, 0.00018752280448097736]",LINKE,LINKE
"[0.9994457364082336, 0.0002546916948631406, 0.00015546201029792428, 3.7324261938920245e-05, 6.563418719451874e-05, 4.115312913199887e-05]",AfD,AfD
"[0.000167037287610583, 0.004300832282751799, 0.009780020453035831, 0.7552785873413086, 0.0005601232405751944, 0.22991342842578888]",GRÜNE,GRÜNE
"[0.0004483890952542424, 0.9571859240531921, 0.0031207685824483633, 0.0005881964461877942, 0.0003454390389379114, 0.03831128776073456]",CDU/CSU,CDU/CSU
"[0.0002607618516776711, 0.00185399001929909, 0.00022529599664267153, 0.0007728274795226753, 0.00023000426881480962, 0.9966570734977722]",SPD,SPD
"[0.9878746867179871, 0.002604397479444742, 0.00809589121490717, 0.00045518047409132123, 0.0008964372682385147, 7.336879207286984e-05]",AfD,AfD
"[0.0009114543790929019, 0.0028204992413520813, 0.0006557884044013917, 0.6446816325187683, 0.21537761390209198, 0.13555307686328888]",GRÜNE,GRÜNE
"[0.0005399323417805135, 0.01598912850022316, 0.0028803832828998566, 0.025682590901851654, 0.22236956655979156, 0.7325384616851807]",LINKE,SPD
"[0.0003855613467749208, 0.9899435043334961, 0.0025844634510576725, 0.002644066233187914, 0.001021234318614006, 0.0034211634192615747]",CDU/CSU,CDU/CSU
"[0.001775298616848886, 0.03045358508825302, 0.05614537373185158, 0.5353496074676514, 0.0067678228951990604, 0.3695082664489746]",GRÜNE,GRÜNE
"[0.5006465315818787, 0.0008814902394078672, 0.49788224697113037, 0.00013072187721263617, 0.00026975281070917845, 0.00018924009054899216]",AfD,AfD
"[0.0004598329833243042, 0.14981909096240997, 0.5150256752967834, 0.02454080618917942, 0.00014565071614924818, 0.3100088834762573]",SPD,FDP
"[0.002572425175458193, 0.05343105271458626, 0.0042712511494755745, 0.03165056183934212, 0.003996923565864563, 0.9040777683258057]",SPD,SPD
"[0.00015848295879550278, 0.9846308827400208, 0.007503080647438765, 0.0004963338142260909, 0.00010393566481070593, 0.007107243407517672]",SPD,CDU/CSU
"[0.0004771881503984332, 0.00313424039632082, 0.013526149094104767, 0.6755142211914062, 0.00027541315648704767, 0.30707281827926636]",GRÜNE,GRÜNE
"[0.0008370223804377019, 0.001171204843558371, 0.1486780196428299, 0.03207547217607498, 0.000835389131680131, 0.8164029717445374]",SPD,SPD
"[0.0012873264495283365, 0.32082387804985046, 0.37550443410873413, 0.023716675117611885, 0.0033089369535446167, 0.2753587067127228]",FDP,FDP
"[0.000431001273682341, 0.6174850463867188, 0.22128760814666748, 0.008682308718562126, 0.001038348418660462, 0.15107569098472595]",CDU/CSU,CDU/CSU
"[0.9964613914489746, 0.0028028369415551424, 0.00030351855093613267, 4.479810013435781e-05, 0.0003115854924544692, 7.585616549476981e-05]",AfD,AfD
"[0.0006722611142322421, 0.009754183702170849, 0.0002458662202116102, 0.0007859528996050358, 0.9881755113601685, 0.00036621661274693906]",LINKE,LINKE
"[0.05556304752826691, 0.12577280402183533, 0.7786081433296204, 0.012966662645339966, 0.0019170757150277495, 0.025172237306833267]",AfD,FDP
"[0.00017917045624926686, 0.000891967851202935, 0.9985746741294861, 0.00014220258162822574, 9.498093277215958e-05, 0.00011701913172146305]",FDP,FDP
"[6.747653242200613e-05, 0.024847956374287605, 0.0012385547161102295, 0.0033965089824050665, 0.00034926834632642567, 0.9701002240180969]",SPD,SPD
"[0.00036836371873505414, 0.7998876571655273, 0.004318466410040855, 0.04035462066531181, 0.012435522861778736, 0.14263541996479034]",CDU/CSU,CDU/CSU
"[0.00122591492254287, 0.18056975305080414, 0.012610949575901031, 0.27597925066947937, 0.0705975890159607, 0.4590165913105011]",SPD,SPD
"[0.007421012967824936, 0.7042579650878906, 0.0938151553273201, 0.013326740823686123, 0.001294366316869855, 0.17988485097885132]",CDU/CSU,CDU/CSU
"[0.0011729857651516795, 0.2844174802303314, 0.683078408241272, 0.00952480360865593, 0.011328427121043205, 0.010477923788130283]",GRÜNE,FDP
"[0.0007185522699728608, 0.076664499938488, 0.025180134922266006, 0.13584592938423157, 0.1437007337808609, 0.6178901791572571]",SPD,SPD
"[0.9989528656005859, 0.0004970795707777143, 0.0002904398425016552, 0.00011844204709632322, 5.567554399021901e-05, 8.539396367268637e-05]",AfD,AfD
"[0.9773430824279785, 0.002067816210910678, 0.008473221212625504, 0.0007421938935294747, 0.011057383380830288, 0.00031640235101804137]",AfD,AfD
"[0.0023977356031537056, 0.969206690788269, 0.012767311185598373, 0.004444699268788099, 0.010838122107088566, 0.00034542655339464545]",CDU/CSU,CDU/CSU
"[0.04270356521010399, 0.9117022156715393, 0.005882354453206062, 0.03464367985725403, 0.0016750741051509976, 0.003393064718693495]",CDU/CSU,CDU/CSU
"[0.00015994312707334757, 0.0020292242988944054, 0.013803716748952866, 0.8288296461105347, 0.0029425264801830053, 0.15223495662212372]",SPD,GRÜNE
"[0.0005037852097302675, 0.2542589008808136, 0.18261849880218506, 0.25272729992866516, 0.0007534206961281598, 0.30913808941841125]",FDP,SPD
"[0.0025621422100812197, 0.2947341203689575, 0.017811518162488937, 0.1971791535615921, 0.002337762387469411, 0.4853752553462982]",SPD,SPD
"[0.0003512582916300744, 0.12176337093114853, 0.023354195058345795, 0.20519982278347015, 0.0012451150687411427, 0.6480863094329834]",SPD,SPD
"[0.0003336518711876124, 0.0026159060653299093, 0.013324945233762264, 0.9010500907897949, 0.00020219538419041783, 0.08247317373752594]",GRÜNE,GRÜNE
"[0.0007622187258675694, 0.9331330060958862, 0.024929456412792206, 0.000747416284866631, 0.0005787828122265637, 0.03984914347529411]",CDU/CSU,CDU/CSU
"[0.00020252724061720073, 0.6656575798988342, 0.004496128764003515, 0.005042807199060917, 0.0008184061734937131, 0.3237825632095337]",SPD,CDU/CSU
"[0.00027624255744740367, 0.06906887143850327, 0.9082722663879395, 0.02014179900288582, 0.0006513467524200678, 0.0015894512180238962]",FDP,FDP
"[0.00041320061427541077, 0.007346985395997763, 0.02445394918322563, 0.8966667652130127, 0.0005768091068603098, 0.0705423429608345]",GRÜNE,GRÜNE
"[0.0008869124576449394, 0.6839383840560913, 0.011518483981490135, 0.06216179579496384, 0.008746808394789696, 0.23274758458137512]",CDU/CSU,CDU/CSU
"[0.0002828392607625574, 0.00805529672652483, 0.04973972961306572, 0.06301286071538925, 0.0002785580581985414, 0.8786306977272034]",SPD,SPD
"[0.0016240697586908937, 0.0007026084349490702, 0.023289930075407028, 0.03448757901787758, 0.936694324016571, 0.003201585030183196]",LINKE,LINKE
"[0.0005804574466310441, 0.9332489371299744, 0.060312822461128235, 0.0020810056012123823, 0.00040231956518255174, 0.003374422201886773]",CDU/CSU,CDU/CSU
"[0.0005853493930771947, 0.00015794634236954153, 5.5552776757394895e-05, 0.00020802243670914322, 0.9986987113952637, 0.0002943630679510534]",LINKE,LINKE
"[0.0017430216539651155, 0.26443397998809814, 0.6859519481658936, 0.01650211215019226, 0.004604147747159004, 0.02676483802497387]",FDP,FDP
"[0.0006133263232186437, 0.000896760611794889, 0.13216665387153625, 0.2277435064315796, 0.0002862662076950073, 0.638293445110321]",GRÜNE,SPD
"[0.9511715769767761, 0.01388323213905096, 0.005061874631792307, 0.0006182129145599902, 0.02472374029457569, 0.004541304428130388]",AfD,AfD
"[0.0015398880932480097, 0.006325470749288797, 0.5375394821166992, 0.05444321781396866, 0.00035249500069767237, 0.39979949593544006]",GRÜNE,FDP
"[0.9991421103477478, 0.00020464968110900372, 0.0003021300653927028, 7.351361273322254e-05, 0.0001409400865668431, 0.00013663654681295156]",AfD,AfD
"[0.000316671998007223, 0.05711589753627777, 0.02614855207502842, 0.029668251052498817, 0.0007832320989109576, 0.8859673142433167]",SPD,SPD
"[0.00014512898633256555, 0.032348405569791794, 0.0037550313863903284, 0.0056999498046934605, 0.0007483528461307287, 0.9573031067848206]",SPD,SPD
"[0.7741522192955017, 0.13530535995960236, 0.08356368541717529, 0.0002940223494078964, 0.0036566411145031452, 0.0030280945356935263]",AfD,AfD
"[0.00023228186182677746, 0.07478447258472443, 0.07715839147567749, 0.04744315147399902, 0.0002890794421546161, 0.8000926375389099]",SPD,SPD
"[0.0016353664686903358, 0.6847158074378967, 0.04711797460913658, 0.06077728047966957, 0.005761538166552782, 0.19999195635318756]",CDU/CSU,CDU/CSU
"[0.0004901047213934362, 0.8172057867050171, 0.014945562928915024, 0.0040534366853535175, 0.00044693730887956917, 0.16285811364650726]",CDU/CSU,CDU/CSU
"[0.05137429013848305, 0.6731317043304443, 0.040800802409648895, 0.017166735604405403, 0.001968073658645153, 0.21555839478969574]",SPD,CDU/CSU
"[0.00015914182586129755, 0.0010016740998253226, 0.9983136057853699, 0.00020490192400757223, 0.00010343894246034324, 0.00021731502783950418]",FDP,FDP
"[0.002888029906898737, 0.9442022442817688, 0.030192967504262924, 0.003929934464395046, 0.0012200106866657734, 0.01756679080426693]",CDU/CSU,CDU/CSU
"[0.7704084515571594, 0.11040187627077103, 0.003959674388170242, 0.0047837854363024235, 0.028960667550563812, 0.0814855620265007]",AfD,AfD
"[0.0001592201297171414, 0.00021551318059209734, 0.9989184141159058, 0.00024757013306953013, 0.00017989226034842432, 0.0002794400497805327]",FDP,FDP
"[0.7474246025085449, 0.0004979233490303159, 0.0014059715904295444, 0.0011281518964096904, 0.24936428666114807, 0.0001790928654372692]",AfD,AfD
"[0.0003041887830477208, 0.25412091612815857, 0.0066542476415634155, 0.009467857889831066, 0.002298553939908743, 0.7271542549133301]",SPD,SPD
"[0.9991745352745056, 0.00033502207952551544, 0.0001794119889382273, 7.192488556029275e-05, 0.00012784487626049668, 0.00011129070480819792]",AfD,AfD
"[0.9994839429855347, 0.0001362556649837643, 0.00015584299399051815, 3.8243011658778414e-05, 0.0001300913718296215, 5.5626565881539136e-05]",AfD,AfD
"[0.001869472791440785, 0.0652230978012085, 0.9227738380432129, 0.007641314994543791, 0.0013845193898305297, 0.0011077815433964133]",FDP,FDP
"[0.0002661460021045059, 0.0016320988070219755, 0.002045093569904566, 0.367722749710083, 0.0006634650635533035, 0.6276704668998718]",SPD,SPD
"[0.00032079676748253405, 0.23709629476070404, 0.7293615937232971, 0.017547421157360077, 0.000989371445029974, 0.014684530906379223]",FDP,FDP
"[0.0002552614314481616, 0.02039368636906147, 0.0007924411911517382, 0.09773562848567963, 0.002947380766272545, 0.8778756260871887]",SPD,SPD
"[0.7580172419548035, 0.23471327126026154, 0.0015820745611563325, 0.0005476819351315498, 0.004619598388671875, 0.0005201584426686168]",AfD,AfD
"[0.00024418268003501, 0.0006140262121334672, 0.001531301299110055, 0.912166178226471, 0.0049607232213020325, 0.08048351854085922]",GRÜNE,GRÜNE
"[0.00031047058291733265, 0.9066264033317566, 0.041282769292593, 0.00025099681806750596, 0.0003145931113976985, 0.051214706152677536]",CDU/CSU,CDU/CSU
"[0.0007287150365300477, 0.39795491099357605, 0.34148791432380676, 0.058034565299749374, 0.0011167976772412658, 0.20067711174488068]",SPD,CDU/CSU
"[0.9960871338844299, 0.001771012437529862, 0.00065372115932405, 0.0001450781273888424, 0.0011684001656249166, 0.00017456954810768366]",AfD,AfD
"[0.15433649718761444, 0.20435169339179993, 0.011684296652674675, 0.029127351939678192, 0.5122486352920532, 0.08825148642063141]",LINKE,LINKE
"[0.00013539748033508658, 0.014899732545018196, 0.00543678505346179, 0.9766954183578491, 0.0017797460313886404, 0.0010529754217714071]",GRÜNE,GRÜNE
"[0.00027040165150538087, 0.0005599388969130814, 0.0002609589428175241, 0.003323471872135997, 0.00017231932724826038, 0.9954128861427307]",SPD,SPD
"[0.0006898518768139184, 0.11795584857463837, 0.0380631685256958, 0.0026477701030671597, 0.00018581311451271176, 0.840457558631897]",SPD,SPD
"[0.00012750932364724576, 0.0009595690644346178, 0.001078390865586698, 0.0028373547829687595, 6.946735084056854e-05, 0.9949277639389038]",SPD,SPD
"[0.5215150713920593, 0.004049068782478571, 0.0021687245462089777, 0.0036853598430752754, 0.46773362159729004, 0.0008481224649585783]",AfD,AfD
"[0.0001630742772249505, 0.9979147911071777, 0.0008834137697704136, 0.00040146676474250853, 0.00011005557462340221, 0.0005271578556858003]",CDU/CSU,CDU/CSU
"[0.9426576495170593, 0.03843196853995323, 0.0021031079813838005, 0.0015785204013809562, 0.001875310786999762, 0.013353497721254826]",AfD,AfD
"[0.9992779493331909, 0.00036052404902875423, 0.00019416028226260096, 3.688960714498535e-05, 7.872072455938905e-05, 5.168923962628469e-05]",AfD,AfD
"[0.00017435761401429772, 0.5598893761634827, 0.009773149155080318, 0.00797133520245552, 0.00031971311545930803, 0.421872079372406]",SPD,CDU/CSU
"[0.5177717208862305, 0.2936129868030548, 0.00357243325561285, 0.03958534076809883, 0.008364654146134853, 0.13709285855293274]",AfD,AfD
"[0.4991469383239746, 0.005756962578743696, 0.048487588763237, 0.12177912145853043, 0.27612611651420593, 0.04870321974158287]",AfD,AfD
"[0.0002540588320698589, 0.004433483816683292, 0.004549714736640453, 0.8366618752479553, 0.00023820051865186542, 0.15386269986629486]",GRÜNE,GRÜNE
"[0.0003268471627961844, 0.0005900109536014497, 0.00039861389086581767, 0.0023610482458025217, 0.00019332877127453685, 0.9961301684379578]",SPD,SPD
"[0.8856098055839539, 0.09025117754936218, 0.02304709143936634, 0.00023937788500916213, 0.00034261573455296457, 0.0005099091213196516]",AfD,AfD
"[0.003132712095975876, 0.6048972010612488, 0.08701777458190918, 0.08380993455648422, 0.000956293661147356, 0.22018612921237946]",CDU/CSU,CDU/CSU
"[0.002558800159022212, 0.13487957417964935, 0.0009505677153356373, 0.02424168586730957, 0.8359769582748413, 0.001392554841004312]",LINKE,LINKE
"[0.006647181697189808, 0.022069048136472702, 0.23764443397521973, 0.2620031237602234, 0.005765317939221859, 0.4658709168434143]",SPD,SPD
"[0.0011233200784772635, 0.00023113976931199431, 0.0001545061095384881, 0.0014061141991987824, 0.9970113635063171, 7.347150676650926e-05]",LINKE,LINKE
"[0.0003620644856709987, 0.00012684859393630177, 0.00015107840590644628, 0.0019563466776162386, 0.997214138507843, 0.00018949477816931903]",LINKE,LINKE
"[0.0003586125676520169, 0.41887834668159485, 0.009941903874278069, 0.0015169575344771147, 0.00024562934413552284, 0.5690584778785706]",CDU/CSU,SPD
"[0.0009184956434182823, 0.1302100121974945, 0.10378877073526382, 0.037871718406677246, 0.0007353497203439474, 0.7264755964279175]",SPD,SPD
"[0.00017159957496915013, 0.6479001045227051, 0.008660695515573025, 0.0021526620257645845, 0.0003618600021582097, 0.3407531678676605]",SPD,CDU/CSU
"[0.008129757829010487, 0.7532830834388733, 0.12002360075712204, 0.007116177584975958, 0.00044429951230995357, 0.11100304871797562]",CDU/CSU,CDU/CSU
"[0.00013552344171330333, 0.0012689903378486633, 0.9813289642333984, 0.001244738232344389, 0.0001040848801494576, 0.015917733311653137]",FDP,FDP
"[0.00032150401966646314, 0.021908685564994812, 0.0011991283390671015, 0.011995108798146248, 0.002131308428943157, 0.9624442458152771]",SPD,SPD
"[0.00018600340990815312, 0.2578868269920349, 0.0038050597067922354, 0.002272413345053792, 0.0002497607783880085, 0.735599935054779]",SPD,SPD
"[0.0002698373282328248, 0.0009911813540384173, 0.000998142990283668, 0.9750094413757324, 0.0031479112803936005, 0.019583458080887794]",GRÜNE,GRÜNE
"[0.00907250214368105, 0.007919242605566978, 0.046668533235788345, 0.37713804841041565, 0.5553691983222961, 0.0038324538618326187]",LINKE,LINKE
"[8.621701272204518e-05, 0.001309722545556724, 0.0072996970266103745, 0.9699428677558899, 0.0004903643275611103, 0.020871195942163467]",GRÜNE,GRÜNE
"[0.9987707138061523, 0.0005148116615600884, 0.00027385319117456675, 7.260197889991105e-05, 0.00025105694658122957, 0.00011702716437866911]",AfD,AfD
"[0.0005265891668386757, 0.20001912117004395, 0.005030483473092318, 0.04205537214875221, 0.0011344264494255185, 0.7512339949607849]",SPD,SPD
"[0.00018314945918973535, 0.8789927363395691, 0.04355795308947563, 0.01042555458843708, 0.0004116632626391947, 0.06642890721559525]",CDU/CSU,CDU/CSU
"[0.00018810576875694096, 0.004323120228946209, 0.009085890837013721, 0.7917371988296509, 0.061493996530771255, 0.1331717073917389]",LINKE,GRÜNE
"[0.00036136279231868684, 0.0005879323580302298, 0.00016666435112711042, 0.011410645209252834, 0.9806893467903137, 0.006783967837691307]",LINKE,LINKE
"[0.00016557173512410372, 0.0006351390038616955, 0.008335179649293423, 0.9620047211647034, 0.00046658352948725224, 0.028392815962433815]",GRÜNE,GRÜNE
"[0.0001937235501827672, 0.8519412875175476, 0.021362386643886566, 0.0023242945317178965, 0.0032230401411652565, 0.12095534056425095]",SPD,CDU/CSU
"[0.991729736328125, 0.0003734228666871786, 0.0002821866364683956, 0.0002448786690365523, 0.007311668712645769, 5.802302621304989e-05]",AfD,AfD
"[0.00025710740010254085, 0.013207409530878067, 0.9850161075592041, 0.0006277867360040545, 0.00014740988262929022, 0.0007441385532729328]",FDP,FDP
"[0.00048262259224429727, 0.007675866596400738, 0.7522299885749817, 0.03756120800971985, 0.0015579249011352658, 0.20049242675304413]",FDP,FDP
"[0.00035874397144652903, 0.7475192546844482, 0.019901864230632782, 0.04359959438443184, 0.0004080424550920725, 0.18821245431900024]",CDU/CSU,CDU/CSU
"[0.00721463980153203, 0.8188191056251526, 0.016228776425123215, 0.0025430554524064064, 0.005295777227729559, 0.14989860355854034]",CDU/CSU,CDU/CSU
"[0.13471367955207825, 0.843167781829834, 0.01889253780245781, 0.0009250311413779855, 0.0012635826133191586, 0.0010374359553679824]",CDU/CSU,CDU/CSU
"[0.000312718068016693, 0.07174324244260788, 0.0002781371877063066, 0.0005211532698012888, 0.00039147096686065197, 0.9267532229423523]",SPD,SPD
"[0.00012863456504419446, 0.0003476221754681319, 0.0002324726083315909, 0.004534524399787188, 0.9946045279502869, 0.00015216176689136773]",LINKE,LINKE
"[0.00016430897812824696, 0.016725344583392143, 0.05210943892598152, 0.012650460004806519, 0.00018224632367491722, 0.9181681871414185]",SPD,SPD
"[0.0006775063229724765, 0.9598127007484436, 0.03817092999815941, 0.0002908256137743592, 0.0002677029406186193, 0.0007803020416758955]",CDU/CSU,CDU/CSU
"[0.00040416131378151476, 0.019229816272854805, 0.9755094647407532, 0.0014512183843180537, 9.152778511634097e-05, 0.003313831752166152]",FDP,FDP
"[0.9964466094970703, 0.0002484658907633275, 0.000595289166085422, 0.0006260742084123194, 0.0019491692073643208, 0.00013435567962005734]",AfD,AfD
"[0.002539080334827304, 0.5131064057350159, 0.29446181654930115, 0.0058885603211820126, 0.0009178438340313733, 0.18308626115322113]",SPD,CDU/CSU
"[0.00011798186460509896, 0.0001634217769606039, 7.00401360518299e-05, 0.0006825164891779423, 0.9989009499549866, 6.507222133222967e-05]",LINKE,LINKE
"[0.000307717447867617, 0.00011719625035766512, 0.00012414708908181638, 0.0002177785790991038, 0.9991210103034973, 0.00011215755512239411]",LINKE,LINKE
"[0.8968287706375122, 0.029157334938645363, 0.06783787906169891, 0.001925192424096167, 0.0022874067071825266, 0.0019634768832474947]",AfD,AfD
"[0.00453218724578619, 0.10518660396337509, 0.2333666980266571, 0.5912851691246033, 0.033619657158851624, 0.03200969099998474]",FDP,GRÜNE
"[0.6740984320640564, 0.00725276255980134, 0.31643226742744446, 0.0006137250456959009, 0.0013870365219190717, 0.00021578367159236223]",AfD,AfD
"[0.014860596507787704, 0.003275616792961955, 0.9261510968208313, 0.01923338882625103, 0.02710687555372715, 0.009372460655868053]",LINKE,FDP
"[0.00022591215383727103, 0.5063733458518982, 0.03406919911503792, 0.17037008702754974, 0.001238353317603469, 0.287723183631897]",CDU/CSU,CDU/CSU
"[0.000594461103901267, 0.8870702385902405, 0.10414768755435944, 0.004100849386304617, 0.001020852942019701, 0.0030658491887152195]",CDU/CSU,CDU/CSU
"[0.0003585486556403339, 0.8978139162063599, 0.07412970811128616, 0.002484334632754326, 0.0006136307492852211, 0.02459987811744213]",CDU/CSU,CDU/CSU
"[0.49612104892730713, 0.0032530499156564474, 0.5001218318939209, 8.677008008817211e-05, 0.00021721476514358073, 0.00020006044360343367]",FDP,FDP
"[0.002526836236938834, 0.6677878499031067, 0.09884189069271088, 0.18103551864624023, 0.025074033066630363, 0.02473391592502594]",CDU/CSU,CDU/CSU
"[0.00238884543068707, 0.7129642367362976, 0.0012338897213339806, 0.029605761170387268, 0.0057999384589493275, 0.24800735712051392]",CDU/CSU,CDU/CSU
"[0.0003183021326549351, 0.06960402429103851, 0.5519701242446899, 0.0128336101770401, 0.00028514524456113577, 0.3649888038635254]",SPD,FDP
"[0.00018932529201265424, 0.910471498966217, 0.008650998584926128, 0.002358271274715662, 0.0011056882794946432, 0.07722412794828415]",CDU/CSU,CDU/CSU
"[0.000610950926784426, 0.38851892948150635, 0.1581055074930191, 0.013831675052642822, 0.0015768049051985145, 0.4373561143875122]",SPD,SPD
"[0.0006583174108527601, 0.9884999990463257, 0.0037988433614373207, 0.0019877164158970118, 0.0039076735265553, 0.0011474071070551872]",CDU/CSU,CDU/CSU
"[8.426470594713464e-05, 0.08447382599115372, 0.012513041496276855, 0.01945844478905201, 0.004261811263859272, 0.8792086243629456]",SPD,SPD
"[0.0002047631423920393, 0.0030770860612392426, 0.0023675940465182066, 0.12598107755184174, 0.0001217385070049204, 0.8682476878166199]",SPD,SPD
"[0.0008466739673167467, 0.06533927470445633, 0.011247772723436356, 0.00872254278510809, 0.20438294112682343, 0.7094607949256897]",LINKE,SPD
"[0.0007377462461590767, 0.5510624051094055, 0.07148437947034836, 0.002659194404259324, 0.0013864763313904405, 0.3726698160171509]",SPD,CDU/CSU
"[0.0003345537406858057, 0.06703167408704758, 0.009545647539198399, 0.6866304278373718, 0.0019360994920134544, 0.23452158272266388]",GRÜNE,GRÜNE
"[0.0004570750461425632, 0.9835628271102905, 0.0007423924980685115, 0.001565504469908774, 0.00031056522857397795, 0.013361676596105099]",CDU/CSU,CDU/CSU
"[0.0003102678165305406, 0.0598483569920063, 0.0022016996517777443, 0.0403820239007473, 0.05984880402684212, 0.8374088406562805]",SPD,SPD
"[0.00024073943495750427, 0.5811455249786377, 0.044747497886419296, 0.0027692511212080717, 0.0001927787234308198, 0.37090423703193665]",SPD,CDU/CSU
"[0.0036201924085617065, 0.5871914029121399, 0.11493277549743652, 0.13253317773342133, 0.03315243497490883, 0.1285700649023056]",CDU/CSU,CDU/CSU
"[0.0001292087254114449, 0.006444912403821945, 0.002492147032171488, 0.9743099212646484, 0.00048778048949316144, 0.016136040911078453]",CDU/CSU,GRÜNE
"[0.0013323513558134437, 0.43843209743499756, 0.030002493411302567, 0.1329220086336136, 0.01925680600106716, 0.37805426120758057]",GRÜNE,CDU/CSU
"[0.9986059069633484, 0.000610311166383326, 0.0004680560959968716, 9.787065209820867e-05, 9.980097820516676e-05, 0.00011805454414570704]",AfD,AfD
"[0.00017812552687246352, 0.9427586197853088, 0.002105733146890998, 0.0004365546628832817, 0.0001343923358945176, 0.054386574774980545]",CDU/CSU,CDU/CSU
"[0.0013162048999220133, 0.007637156173586845, 0.008415205404162407, 0.3122795522212982, 0.22163477540016174, 0.4487170875072479]",LINKE,SPD
"[0.00025552025181241333, 0.00015915161930024624, 6.96475908625871e-05, 0.0003513676056172699, 0.9989522099494934, 0.00021211245621088892]",LINKE,LINKE
"[0.001132961711846292, 0.10524780303239822, 0.0037692440673708916, 0.01755397580564022, 0.2213548868894577, 0.6509411334991455]",LINKE,SPD
"[0.0006777183152735233, 0.08299541473388672, 0.2354399710893631, 0.025133313611149788, 0.0006936801946721971, 0.655059814453125]",SPD,SPD
"[0.0007409605896100402, 0.02648300491273403, 0.06935907900333405, 0.23436598479747772, 0.0013801490422338247, 0.6676707863807678]",SPD,SPD
"[0.0004246121970936656, 0.23525230586528778, 0.013739864341914654, 0.03645675629377365, 0.003841077210381627, 0.7102853655815125]",SPD,SPD
"[0.0030786446295678616, 0.7150057554244995, 0.1414473056793213, 0.014257028698921204, 0.013705126941204071, 0.1125061884522438]",CDU/CSU,CDU/CSU
"[0.043169017881155014, 0.5210498571395874, 0.3430503010749817, 0.05608350783586502, 0.006847027223557234, 0.029800275340676308]",FDP,CDU/CSU
"[0.002373575232923031, 0.08366183936595917, 0.28558796644210815, 0.5204983353614807, 0.0773831158876419, 0.030495112761855125]",LINKE,GRÜNE
"[0.00032436734181828797, 0.022184811532497406, 0.00816870853304863, 0.8940978050231934, 0.0006246570846997201, 0.07459957152605057]",CDU/CSU,GRÜNE
"[0.9989651441574097, 0.0006532439147122204, 0.00020949309691786766, 5.042933480581269e-05, 8.29377822810784e-05, 3.87381951441057e-05]",AfD,AfD
"[0.0004094936593901366, 0.054331231862306595, 0.0060597313567996025, 0.9350866079330444, 0.002849665703251958, 0.0012632609577849507]",GRÜNE,GRÜNE
"[0.00042612949619069695, 0.9978468418121338, 0.0002987565821968019, 0.0001757645222824067, 0.0008369514252990484, 0.00041550840251147747]",CDU/CSU,CDU/CSU
"[0.22651831805706024, 0.5376076698303223, 0.009182178415358067, 0.0014696046710014343, 0.004741326905786991, 0.22048087418079376]",SPD,CDU/CSU
"[0.9980006814002991, 0.0002918480895459652, 0.0006527337245643139, 0.00018943934992421418, 0.0007528347196057439, 0.00011247220390941948]",AfD,AfD
"[0.00042579189175739884, 0.11074336618185043, 0.07049539685249329, 0.6616290807723999, 0.0006778746610507369, 0.15602847933769226]",GRÜNE,GRÜNE
"[0.0002007986040553078, 0.029217243194580078, 0.342312216758728, 0.1160125732421875, 0.001474471646361053, 0.5107827186584473]",FDP,SPD
"[0.00043520666076801717, 0.0002886401489377022, 0.0022918374743312597, 0.8827223777770996, 0.0005928843165747821, 0.11366903781890869]",GRÜNE,GRÜNE
"[0.00408566277474165, 0.89091557264328, 0.007248004898428917, 0.03765370696783066, 0.05060678720474243, 0.009490178897976875]",AfD,CDU/CSU
"[0.0003898729046341032, 0.04657478630542755, 0.06569740921258926, 0.4143877923488617, 0.0028420330490916967, 0.47010812163352966]",SPD,SPD
"[0.00021069504145998508, 0.29716020822525024, 0.589782178401947, 0.004536489490419626, 0.00036001831176690757, 0.10795041918754578]",FDP,FDP
"[0.0005431135068647563, 0.9887546896934509, 0.0030009697657078505, 0.005958335008472204, 0.0011487867450341582, 0.0005941451527178288]",CDU/CSU,CDU/CSU
"[0.002547629177570343, 0.24658085405826569, 0.4467090368270874, 0.05724324285984039, 0.005003596190363169, 0.24191564321517944]",FDP,FDP
"[0.00023336194863077253, 0.011299262754619122, 0.8588771820068359, 0.027845626696944237, 0.0002615234989207238, 0.10148299485445023]",SPD,FDP
"[0.0010934995952993631, 0.643010139465332, 0.0012421628925949335, 0.1485765278339386, 0.008993590250611305, 0.19708406925201416]",GRÜNE,CDU/CSU
"[0.00022808618086855859, 0.013992495834827423, 0.05766310542821884, 0.8312689661979675, 0.0018657722976058722, 0.09498162567615509]",FDP,GRÜNE
"[0.708033561706543, 0.21989518404006958, 0.04558431729674339, 0.0004087738925591111, 0.008140011690557003, 0.017938150092959404]",AfD,AfD
"[0.0006951799150556326, 0.04521225765347481, 0.0009648653795011342, 0.1602010875940323, 0.788922905921936, 0.004003656096756458]",LINKE,LINKE
"[0.00032679791911505163, 0.8803356885910034, 0.07535022497177124, 0.0052191270515322685, 0.0020709424279630184, 0.036697160452604294]",CDU/CSU,CDU/CSU
"[0.0005165468319319189, 0.0017179357819259167, 0.0741332545876503, 0.8973553776741028, 0.00018516709678806365, 0.026091713458299637]",GRÜNE,GRÜNE
"[0.9934671521186829, 0.0027143133338540792, 0.0034681688994169235, 7.068548438837752e-05, 8.526977035216987e-05, 0.00019436383445281535]",AfD,AfD
"[0.0009928209474310279, 0.06949682533740997, 0.3263087570667267, 0.4341506361961365, 0.0007651497144252062, 0.1682858169078827]",GRÜNE,GRÜNE
"[0.0001592337794136256, 0.033733513206243515, 0.004087503533810377, 0.01913520134985447, 0.00035806873347610235, 0.9425265192985535]",SPD,SPD
"[0.00029798815376125276, 0.9770220518112183, 0.003232944756746292, 0.0008134658564813435, 0.0002917108067777008, 0.018341872841119766]",CDU/CSU,CDU/CSU
"[0.0003970688267145306, 0.6939389705657959, 0.2864394783973694, 0.015814121812582016, 0.0004178659582976252, 0.0029924255795776844]",CDU/CSU,CDU/CSU
"[0.0002208415826316923, 0.0008410909795202315, 0.001361846225336194, 0.0033275862224400043, 0.00014283036580309272, 0.9941058158874512]",SPD,SPD
"[0.0001988648291444406, 0.03664324805140495, 0.04442766681313515, 0.8513415455818176, 0.0015699501382187009, 0.0658186599612236]",GRÜNE,GRÜNE
"[0.0004695699317380786, 0.15920685231685638, 0.145944744348526, 0.001304933219216764, 0.006923712324351072, 0.6861501336097717]",SPD,SPD
"[0.00026497142971493304, 0.0005308776744641364, 0.0034616373013705015, 0.9536346793174744, 0.00012152855197200552, 0.04198629781603813]",GRÜNE,GRÜNE
"[0.12870857119560242, 0.8295252919197083, 0.030234038829803467, 0.0004412104026414454, 0.0004076222830917686, 0.010683229193091393]",CDU/CSU,CDU/CSU
"[0.0012475798139348626, 0.30251505970954895, 0.6784870624542236, 0.0025873284321278334, 0.0006380694103427231, 0.014524918980896473]",FDP,FDP
"[0.0004971138550899923, 0.6889095902442932, 0.016038890928030014, 0.001634289976209402, 0.000485062861116603, 0.29243505001068115]",CDU/CSU,CDU/CSU
"[0.8123571276664734, 0.07087817788124084, 0.09412091225385666, 0.0008381752413697541, 0.001509986468590796, 0.020295605063438416]",AfD,AfD
"[0.0011578479316085577, 0.40260833501815796, 0.5280157327651978, 0.001644305419176817, 0.00038382859202101827, 0.06618994474411011]",FDP,FDP
"[0.002502028364688158, 0.11368940770626068, 0.0022549638524651527, 0.015111408196389675, 0.013127311132848263, 0.8533148765563965]",SPD,SPD
"[0.997032642364502, 0.00033014564542099833, 0.0022461123298853636, 8.93825781531632e-05, 0.0001545903505757451, 0.0001471990835852921]",AfD,AfD
"[0.00022511635324917734, 0.5293370485305786, 0.0023815101012587547, 0.0025621550157666206, 0.00037154980236664414, 0.46512261033058167]",CDU/CSU,CDU/CSU
"[0.9730079770088196, 0.002135828137397766, 0.0003023940953426063, 0.00010231104533886537, 0.02417791448533535, 0.0002735782181844115]",AfD,AfD
"[9.859712736215442e-05, 0.00022220073151402175, 0.00024412131460849196, 0.0033432249911129475, 0.9959574341773987, 0.00013445233344100416]",LINKE,LINKE
"[0.00021047799964435399, 0.729249894618988, 0.08392361551523209, 0.04383764788508415, 0.0007148247677832842, 0.14206351339817047]",GRÜNE,CDU/CSU
"[0.00010183125414187089, 0.00025527976686134934, 7.498760533053428e-05, 0.003800688311457634, 0.9948292970657349, 0.0009379558614455163]",LINKE,LINKE
"[0.00012859245180152357, 0.0007288346532732248, 0.9985336065292358, 0.0002799117937684059, 7.244176231324673e-05, 0.0002566496259532869]",FDP,FDP
"[0.0003065259079448879, 0.00015678863564971834, 0.0003519747406244278, 0.9553878307342529, 0.0005271711270324886, 0.04326965659856796]",GRÜNE,GRÜNE
"[0.034511663019657135, 0.5033586025238037, 0.46077343821525574, 0.0006297748768702149, 0.0002835597551893443, 0.00044293541577644646]",CDU/CSU,CDU/CSU
"[0.9989897608757019, 0.000368055742001161, 0.0004225654702167958, 5.428458462120034e-05, 0.00010945930262096226, 5.5882865126477554e-05]",AfD,AfD
"[0.9889702796936035, 0.0027229683473706245, 0.0021405923180282116, 0.00021708128042519093, 0.005162434186786413, 0.0007867013919167221]",AfD,AfD
"[0.006842310074716806, 0.10068012028932571, 0.8689219951629639, 0.002395070856437087, 0.00017170101637020707, 0.02098872698843479]",FDP,FDP
"[0.001081970171071589, 0.9342423677444458, 0.01890881173312664, 0.022498250007629395, 0.0062989345751702785, 0.016969654709100723]",CDU/CSU,CDU/CSU
"[0.000360653706593439, 0.06379806250333786, 0.905495822429657, 0.01642461307346821, 0.0004433214198797941, 0.01347752008587122]",GRÜNE,FDP
"[0.011992712505161762, 0.8564351201057434, 0.08883320540189743, 0.01109596248716116, 0.0002884496352635324, 0.031354572623968124]",CDU/CSU,CDU/CSU
"[0.0009950367966666818, 0.016950299963355064, 0.8632283210754395, 0.009250098839402199, 0.00024626197409816086, 0.1093299612402916]",SPD,FDP
"[0.0002589232171885669, 0.03861701115965843, 0.00324988248758018, 0.35619765520095825, 0.0017244638875126839, 0.5999520421028137]",CDU/CSU,SPD
"[0.0006618370534852147, 0.28045544028282166, 0.22547829151153564, 0.4854435324668884, 0.0030708150006830692, 0.004890100564807653]",GRÜNE,GRÜNE
"[0.002914137439802289, 0.025997333228588104, 0.5041126012802124, 0.056143391877412796, 0.01853097788989544, 0.3923015594482422]",FDP,FDP
"[0.0003631263389252126, 0.0054696532897651196, 0.00023930906900204718, 0.0007948616985231638, 0.0003221514925826341, 0.9928109049797058]",SPD,SPD
"[0.9988005757331848, 0.0004770287487190217, 0.0004096801276318729, 3.793769428739324e-05, 0.00014024531992617995, 0.00013454696454573423]",AfD,AfD
"[0.00023909939045552164, 0.10924646258354187, 0.0028958891052752733, 0.02617155760526657, 0.0019249641336500645, 0.8595220446586609]",SPD,SPD
"[0.00016647763550281525, 0.012366041541099548, 0.0007808107766322792, 0.42387863993644714, 0.3108437657356262, 0.2519642412662506]",GRÜNE,GRÜNE
"[0.0005433080368675292, 0.9299036264419556, 0.021350177004933357, 0.009558507241308689, 0.0006519327289424837, 0.037992559373378754]",CDU/CSU,CDU/CSU
"[0.0004607439914252609, 0.0009069499210454524, 0.06048934534192085, 0.8339565396308899, 0.0003938684822060168, 0.10379254072904587]",GRÜNE,GRÜNE
"[0.7118332982063293, 0.029361212626099586, 0.2418186217546463, 0.010284517891705036, 0.005563945975154638, 0.0011383899254724383]",AfD,AfD
"[0.0016721109859645367, 0.003153532510623336, 0.003482347121462226, 0.00047754132538102567, 0.9910008311271667, 0.0002136684925062582]",LINKE,LINKE
"[0.3694128096103668, 0.00043999365880154073, 0.0010792973916977644, 0.0005194611730985343, 0.6284074187278748, 0.00014106791059020907]",LINKE,LINKE
"[0.013478820212185383, 0.00033123570028692484, 0.001126990420743823, 0.0033902607392519712, 0.9813256859779358, 0.00034699085517786443]",LINKE,LINKE
"[0.9989514946937561, 0.00033076677937060595, 0.0004442764038685709, 3.517602090141736e-05, 0.00019504432566463947, 4.320018706494011e-05]",AfD,AfD
"[0.00047654303489252925, 0.7231814861297607, 0.007117811124771833, 0.00446944497525692, 0.0004731716471724212, 0.26428157091140747]",CDU/CSU,CDU/CSU
"[0.0005075459484942257, 0.0004424513899721205, 0.002660817001014948, 0.1629408895969391, 0.00029783009085804224, 0.8331503868103027]",SPD,SPD
"[8.74114193720743e-05, 0.011738056316971779, 0.9866984486579895, 0.0005447207950055599, 0.00015187794633675367, 0.0007794462726451457]",FDP,FDP
"[0.00017029183800332248, 0.000775213644374162, 0.002960112178698182, 0.3290351927280426, 0.011415345594286919, 0.655643880367279]",GRÜNE,SPD
"[0.0008418133365921676, 0.6235001683235168, 0.054967500269412994, 0.2095142900943756, 0.0014003139222040772, 0.10977592319250107]",CDU/CSU,CDU/CSU
"[0.0003530452377162874, 0.21919380128383636, 0.6512654423713684, 0.029204441234469414, 0.00029039353830739856, 0.09969288110733032]",FDP,FDP
"[0.0011013858020305634, 0.7420006990432739, 0.04608718678355217, 0.0006723019178025424, 0.12332668155431747, 0.08681175112724304]",CDU/CSU,CDU/CSU
"[0.0003533787385094911, 0.3909127712249756, 0.0023227394558489323, 0.007745854556560516, 0.0013042851351201534, 0.5973610281944275]",SPD,SPD
"[0.00035051684244535863, 0.951988160610199, 0.04234175756573677, 0.001604560879059136, 0.00037294262438081205, 0.0033421164844185114]",CDU/CSU,CDU/CSU
"[0.00019148200226482004, 0.005205954425036907, 0.0004776456335093826, 0.0007428128155879676, 0.0001443923538317904, 0.9932376742362976]",SPD,SPD
"[0.00035408983239904046, 0.07328972220420837, 0.003302796045318246, 0.007202738430351019, 0.0002516039530746639, 0.9155991077423096]",CDU/CSU,SPD
"[0.000982140889391303, 0.002178975148126483, 0.002711116336286068, 0.0026567319873720407, 0.9902874231338501, 0.0011835318291559815]",LINKE,LINKE
"[0.00034838481224142015, 0.834885835647583, 0.04891100898385048, 0.10814926773309708, 0.0005885303835384548, 0.007116928230971098]",CDU/CSU,CDU/CSU
"[9.172552381642163e-05, 0.0735604539513588, 0.02290513552725315, 0.03962992876768112, 0.00039288686821237206, 0.863419771194458]",SPD,SPD
"[0.0004799949238076806, 0.09133850783109665, 0.027659425511956215, 0.7251183986663818, 0.0029086449649184942, 0.15249499678611755]",GRÜNE,GRÜNE
"[0.00021238329645711929, 0.0011099947150796652, 0.0040368433110415936, 0.08013484627008438, 0.0003286669962108135, 0.9141772985458374]",SPD,SPD
"[0.03388151153922081, 0.6380390524864197, 0.05252497270703316, 0.005170654039829969, 0.003544287756085396, 0.26683947443962097]",CDU/CSU,CDU/CSU
"[7.039940828690305e-05, 0.0003267976571805775, 0.0003264786791987717, 0.9953259229660034, 0.0006898067658767104, 0.0032604944426566362]",GRÜNE,GRÜNE
"[0.00017324999498669058, 0.07409852743148804, 0.003043081611394882, 0.005193032324314117, 0.0008863733964972198, 0.9166057109832764]",SPD,SPD
"[0.0005630988162010908, 0.0014621183509007096, 0.008003762923181057, 0.20217201113700867, 0.36697864532470703, 0.42082032561302185]",SPD,SPD
"[0.00040378584526479244, 0.7739945650100708, 0.007537455763667822, 0.007543960120528936, 0.0004266918695066124, 0.21009358763694763]",CDU/CSU,CDU/CSU
"[0.0006337685044854879, 0.10410339385271072, 0.73714280128479, 0.1195869967341423, 0.0009271949529647827, 0.037605829536914825]",FDP,FDP
"[0.00034558260813355446, 0.0380709208548069, 0.012404092587530613, 0.6711127161979675, 0.0007066729594953358, 0.2773599922657013]",GRÜNE,GRÜNE
"[0.00030873712967149913, 0.009409683756530285, 0.0003842469595838338, 0.00043004422332160175, 0.0007540506194345653, 0.988713264465332]",SPD,SPD
"[0.13690322637557983, 0.18490470945835114, 0.32610759139060974, 0.27304285764694214, 0.0563473254442215, 0.02269429713487625]",FDP,FDP
"[0.0004112393653485924, 0.03357504680752754, 0.015905696898698807, 0.8560406565666199, 0.049612294882535934, 0.04445507004857063]",GRÜNE,GRÜNE
"[0.00017380093049723655, 0.0001376019645249471, 4.588968295138329e-05, 0.0005262581980787218, 0.998875081539154, 0.00024129736993927509]",LINKE,LINKE
"[0.0006132930866442621, 0.008935884572565556, 0.9724770188331604, 0.0015555109130218625, 0.00043660387746058404, 0.01598167046904564]",FDP,FDP
"[0.0032322844490408897, 0.41013845801353455, 0.18112146854400635, 0.07767020165920258, 0.02863798849284649, 0.29919958114624023]",CDU/CSU,CDU/CSU
"[0.000931945105548948, 0.038602959364652634, 0.011380836367607117, 0.6708090305328369, 0.07094313204288483, 0.2073320895433426]",GRÜNE,GRÜNE
"[0.00245897239074111, 0.2623463273048401, 0.5046990513801575, 0.05612330511212349, 0.00181667716242373, 0.17255569994449615]",SPD,FDP
"[0.0006314631318673491, 0.00013875134754925966, 0.000111346562334802, 0.0004114271141588688, 0.9985321164131165, 0.00017490191385149956]",LINKE,LINKE
"[0.9993388652801514, 0.0003235317999497056, 0.00013881761697120965, 3.178551560267806e-05, 0.00011054697824874893, 5.645044439006597e-05]",AfD,AfD
"[0.0002573647943791002, 0.005638698115944862, 0.006576230749487877, 0.4800974726676941, 0.00034632213646546006, 0.5070839524269104]",GRÜNE,SPD
"[0.9757177233695984, 0.00124738656450063, 0.002173305256292224, 0.0074149430729448795, 0.010609365999698639, 0.002837242791429162]",AfD,AfD
"[0.004239903297275305, 0.5763759016990662, 0.0010809664381667972, 0.03780266270041466, 0.03412692993879318, 0.34637364745140076]",SPD,CDU/CSU
"[0.0002768277481663972, 0.0007236067322082818, 0.016922911629080772, 0.7183535695075989, 0.00045146545744501054, 0.26327162981033325]",GRÜNE,GRÜNE
"[0.9993801116943359, 0.00028852405375801027, 0.00010226442100247368, 4.865625305683352e-05, 0.00012179629993624985, 5.867403160664253e-05]",AfD,AfD
"[0.0002598283754196018, 0.7269694805145264, 0.0972583219408989, 0.005734490230679512, 0.00015196592721622437, 0.16962593793869019]",CDU/CSU,CDU/CSU
"[0.0003001102595590055, 0.009925924241542816, 0.002016741316765547, 0.9428233504295349, 0.0002740241470746696, 0.044659920036792755]",GRÜNE,GRÜNE
"[0.0001388611999573186, 0.0001150012540165335, 0.0009108216618187726, 0.9863759875297546, 0.00040478535811416805, 0.01205456256866455]",GRÜNE,GRÜNE
"[0.0005647754296660423, 0.947924017906189, 0.0017840544460341334, 0.001080396119505167, 0.0014268463710322976, 0.047219906002283096]",CDU/CSU,CDU/CSU
"[0.0475822314620018, 0.07263509929180145, 0.8628172278404236, 0.010207518935203552, 0.0049663810059428215, 0.001791544840671122]",CDU/CSU,FDP
"[0.0016483358340337873, 0.009043095633387566, 0.014481938444077969, 0.5498561859130859, 0.0512259341776371, 0.373744398355484]",GRÜNE,GRÜNE
"[0.00012520275777205825, 0.989384651184082, 0.006451877765357494, 0.00042325916001573205, 8.049265306908637e-05, 0.0035344990901649]",CDU/CSU,CDU/CSU
"[0.0008216780843213201, 0.01392287202179432, 0.1652255356311798, 0.764857292175293, 0.001451788004487753, 0.0537208691239357]",GRÜNE,GRÜNE
"[0.00017891376046463847, 0.00045553568634204566, 0.01775539666414261, 0.01232648454606533, 0.00016575735935475677, 0.9691178798675537]",SPD,SPD
"[0.0014836465707048774, 0.6563671827316284, 0.2462620586156845, 0.042161278426647186, 0.008525525219738483, 0.04520036280155182]",CDU/CSU,CDU/CSU
"[0.00010965164983645082, 0.004878891631960869, 0.0027802977710962296, 0.8607916831970215, 0.0008291291305795312, 0.1306103765964508]",GRÜNE,GRÜNE
"[0.0005510376649908721, 0.2105138599872589, 0.095722995698452, 0.12325859069824219, 0.0005916616646572948, 0.5693618059158325]",CDU/CSU,SPD
"[0.0009627314284443855, 0.2476094365119934, 0.4358147382736206, 0.001798434997908771, 0.0007259282865561545, 0.31308868527412415]",FDP,FDP
"[0.0007756386767141521, 0.017132960259914398, 0.03197149932384491, 0.01570892706513405, 0.00041568215237930417, 0.933995246887207]",SPD,SPD
"[0.9427793622016907, 0.035499874502420425, 0.0002840049273800105, 0.0007677507237531245, 0.01954551227390766, 0.0011234161211177707]",AfD,AfD
"[0.00040538571192882955, 0.0011186752235516906, 0.9026875495910645, 0.05817620828747749, 0.00038680341094732285, 0.037225350737571716]",FDP,FDP
"[0.00021933413518127054, 0.0008254759595729411, 0.013735441491007805, 0.7794967889785767, 0.007452776655554771, 0.19827020168304443]",SPD,GRÜNE
"[0.9983702301979065, 0.0005015838542021811, 0.0008438916993327439, 4.653966971090995e-05, 0.00018942907627206296, 4.835148502024822e-05]",AfD,AfD
"[0.0003042019088752568, 0.059719569981098175, 0.04714784771203995, 0.0601554811000824, 0.00030507135670632124, 0.8323677778244019]",SPD,SPD
"[0.00035459877108223736, 0.01109799649566412, 0.017407266423106194, 0.0026132359635084867, 0.004070741590112448, 0.9644560813903809]",SPD,SPD
"[0.003044306533411145, 0.1384858787059784, 0.09508353471755981, 0.744702160358429, 0.01549176312983036, 0.0031922771595418453]",GRÜNE,GRÜNE
"[0.0004828829551115632, 0.9790370464324951, 0.01830357126891613, 0.00021349902090150863, 0.00037910902756266296, 0.0015838760882616043]",CDU/CSU,CDU/CSU
"[0.00028583192033693194, 0.11035670340061188, 0.014696932397782803, 0.5342205762863159, 0.006747640203684568, 0.333692342042923]",GRÜNE,GRÜNE
"[0.0010209298925474286, 0.006884288974106312, 0.0007527390262112021, 0.18302011489868164, 0.8076791763305664, 0.0006427252665162086]",LINKE,LINKE
"[0.0006820150301791728, 0.004435338079929352, 0.23339438438415527, 0.713653564453125, 0.00029522101976908743, 0.04753953218460083]",GRÜNE,GRÜNE
"[0.3888261318206787, 0.24697677791118622, 0.16669273376464844, 0.0012657586485147476, 0.07814158499240875, 0.1180969849228859]",AfD,AfD
"[0.00024652513093315065, 0.4494348466396332, 0.009077552706003189, 0.004275894723832607, 0.0009308002190664411, 0.5360344052314758]",CDU/CSU,SPD
"[0.0005538381519727409, 0.4041663110256195, 0.07798676937818527, 0.006042583845555782, 0.0004551979654934257, 0.5107953548431396]",FDP,SPD
"[0.0004473793087527156, 0.0022182639222592115, 0.015450486913323402, 0.20071321725845337, 0.7784159183502197, 0.0027548172511160374]",LINKE,LINKE
"[0.00040570402052253485, 0.4883441925048828, 0.34714215993881226, 0.021259594708681107, 0.0035721224267035723, 0.13927626609802246]",SPD,CDU/CSU
"[0.0002827765420079231, 0.11792123317718506, 0.00877639465034008, 0.0051488205790519714, 0.0001405491348123178, 0.8677302002906799]",SPD,SPD
"[0.0011984386947005987, 0.04079562425613403, 0.003932466264814138, 0.044673237949609756, 0.9090484976768494, 0.00035173443029634655]",LINKE,LINKE
"[0.9982277154922485, 0.0007614798960275948, 0.0007862170459702611, 4.886103852186352e-05, 7.20251991879195e-05, 0.00010373821714892983]",AfD,AfD
"[0.9945195317268372, 0.00072574830846861, 0.00375251192599535, 8.766457176534459e-05, 0.0008382885134778917, 7.623701094416901e-05]",AfD,AfD
"[0.00047979396185837686, 0.7533702850341797, 0.11581017822027206, 0.0016150856390595436, 0.00041853179573081434, 0.12830613553524017]",CDU/CSU,CDU/CSU
"[0.00017186849436257035, 0.9933506846427917, 0.0011445028940215707, 0.004417422693222761, 0.0004662754654418677, 0.00044928936404176056]",CDU/CSU,CDU/CSU
"[0.0002483030839357525, 0.002998074982315302, 0.0005671697435900569, 0.6156619191169739, 0.3777412176132202, 0.0027832721825689077]",LINKE,GRÜNE
"[0.8171469569206238, 0.049925558269023895, 0.1319364756345749, 0.0004765086341649294, 0.00027640131884254515, 0.00023806808167137206]",AfD,AfD
"[0.0002331780269742012, 0.46428704261779785, 0.3911612331867218, 0.0345190055668354, 0.0002452704356983304, 0.10955432802438736]",FDP,CDU/CSU
"[0.0009695255430415273, 0.9338202476501465, 0.04451528936624527, 0.002650043461471796, 0.0001083585957530886, 0.017936669290065765]",CDU/CSU,CDU/CSU
"[0.03434770926833153, 0.2485690861940384, 0.07066219300031662, 0.006432116497308016, 0.6133586168289185, 0.02663026936352253]",LINKE,LINKE
"[0.9636780023574829, 0.017804881557822227, 0.013504307717084885, 0.0004032016731798649, 0.004513746593147516, 9.58136806730181e-05]",AfD,AfD
"[0.5970884561538696, 0.3131125271320343, 0.08651566505432129, 0.0009072142420336604, 0.0006775567890144885, 0.001698533073067665]",AfD,AfD
"[0.0018502967432141304, 0.7005841732025146, 0.008373554795980453, 0.0010979746002703905, 0.003889762796461582, 0.28420427441596985]",CDU/CSU,CDU/CSU
"[0.0017444522818550467, 0.09856559336185455, 0.8692945241928101, 0.018045391887426376, 0.011905636638402939, 0.00044439834891818464]",FDP,FDP
"[0.0009818683611229062, 0.030414901673793793, 0.1489592343568802, 0.6350199580192566, 0.022121356800198555, 0.16250267624855042]",LINKE,GRÜNE
"[0.9958176612854004, 0.0014030132442712784, 0.0006886636256240308, 0.0007775899721309543, 0.0002107619948219508, 0.0011023477418348193]",AfD,AfD
"[0.0002804659598041326, 0.00035227954504080117, 5.5517764849355444e-05, 0.0002735531306825578, 0.9984605312347412, 0.0005776019534096122]",LINKE,LINKE
"[0.01790696568787098, 0.7054238319396973, 0.15520347654819489, 0.09686065465211868, 0.006977527868002653, 0.017627594992518425]",CDU/CSU,CDU/CSU
"[0.9871668219566345, 0.010568718425929546, 0.0006961486651562154, 0.0001027818289003335, 0.0013068952830508351, 0.00015868648188188672]",AfD,AfD
"[0.0002509832847863436, 0.003345825709402561, 0.9855800867080688, 0.008530285209417343, 7.579657540190965e-05, 0.002217017812654376]",FDP,FDP
"[0.006259233690798283, 0.9696437120437622, 0.009122034534811974, 0.00467861769720912, 0.0002198650036007166, 0.010076493956148624]",CDU/CSU,CDU/CSU
"[0.008731926791369915, 0.24555206298828125, 0.6665120720863342, 0.06793093681335449, 0.0051615857519209385, 0.006111398339271545]",FDP,FDP
"[0.0005120707210153341, 0.650881290435791, 0.0056044962257146835, 0.007745449896901846, 0.0002583218738436699, 0.33499839901924133]",CDU/CSU,CDU/CSU
"[0.00015978676674421877, 0.0910017192363739, 0.001973687671124935, 0.011899425648152828, 0.0002995031245518476, 0.8946658372879028]",SPD,SPD
"[0.00021071895025670528, 0.28372427821159363, 0.12895110249519348, 0.05912931635975838, 0.0005088265752419829, 0.5274757146835327]",SPD,SPD
"[0.0006853877566754818, 0.0008301164489239454, 0.0003975926374550909, 0.14289619028568268, 0.8528589010238647, 0.002331749303266406]",LINKE,LINKE
"[0.0004144035337958485, 0.5773892402648926, 0.07408282160758972, 0.011509218253195286, 0.006934224162250757, 0.3296700716018677]",CDU/CSU,CDU/CSU
"[9.984501957660541e-05, 0.0002852895704563707, 0.9989762306213379, 0.0002601002051960677, 0.00011906996223842725, 0.00025945689412765205]",FDP,FDP
"[0.0007907694089226425, 0.9965317845344543, 0.0010564811527729034, 8.668666851008311e-05, 0.0012173149734735489, 0.0003169362898916006]",CDU/CSU,CDU/CSU
"[0.0004325760528445244, 0.1928570419549942, 0.02418215572834015, 0.004158305004239082, 0.0001286738843191415, 0.7782411575317383]",SPD,SPD
"[0.000581446336582303, 0.993982195854187, 0.004116834606975317, 0.0001554022601339966, 0.0008627264178358018, 0.0003013935638591647]",CDU/CSU,CDU/CSU
"[0.0006368316244333982, 0.9676927328109741, 0.018842626363039017, 0.002153395675122738, 0.00961237121373415, 0.0010620413813740015]",CDU/CSU,CDU/CSU
"[0.000565220310818404, 0.6507369875907898, 0.34118810296058655, 0.0004583425761666149, 0.00024945553741417825, 0.00680197449401021]",FDP,CDU/CSU
"[0.00046092705451883376, 0.025189708918333054, 0.1191900372505188, 0.29174914956092834, 0.0005262895720079541, 0.5628839135169983]",GRÜNE,SPD
"[0.00023724966740701348, 0.060593608766794205, 0.02217249758541584, 0.12093246728181839, 0.0005834835465066135, 0.7954807281494141]",SPD,SPD
"[0.0005641219322569668, 0.016377637162804604, 0.9144093990325928, 0.062224529683589935, 0.00230869697406888, 0.004115613643079996]",FDP,FDP
"[0.7464218139648438, 0.05670308321714401, 0.18991687893867493, 0.0026949020102620125, 0.002865129616111517, 0.0013981758384034038]",AfD,AfD
"[0.00025823386386036873, 0.036535441875457764, 0.084661103785038, 0.6237180829048157, 0.0003999032196588814, 0.2544272243976593]",SPD,GRÜNE
"[0.00021920655854046345, 0.000492687919177115, 0.0002672054688446224, 0.009544909931719303, 0.9854397773742676, 0.004036130383610725]",LINKE,LINKE
"[0.0001735806290525943, 0.02457796037197113, 0.005688866600394249, 0.8311622142791748, 0.00984758697450161, 0.12854984402656555]",GRÜNE,GRÜNE
"[0.9387634992599487, 0.04250520467758179, 0.0007251800270751119, 0.0009536526631563902, 0.016732700169086456, 0.0003197522019036114]",AfD,AfD
"[0.99861741065979, 0.00033064238959923387, 0.000808405689895153, 4.418059324962087e-05, 0.00011931997141800821, 8.0031793913804e-05]",AfD,AfD
"[0.0002390823938185349, 0.0442403219640255, 0.004157010931521654, 0.05913048982620239, 0.0026466497220098972, 0.8895864486694336]",GRÜNE,SPD
"[0.0011943207355216146, 0.008849249221384525, 0.05530538782477379, 0.23150697350502014, 0.0013578380458056927, 0.7017862796783447]",SPD,SPD
"[0.0005150633514858782, 0.5146644115447998, 0.02772543579339981, 0.09642670303583145, 0.001281271455809474, 0.359387069940567]",CDU/CSU,CDU/CSU
"[0.0002443981938995421, 0.0012671154690906405, 0.0005106885801069438, 0.9634856581687927, 0.016653267666697502, 0.017838891595602036]",GRÜNE,GRÜNE
"[0.000630012305919081, 0.08448102325201035, 0.5063134431838989, 0.2600118815898895, 0.0005053920322097838, 0.1480581909418106]",FDP,FDP
"[0.0003230081347282976, 0.9501307606697083, 0.031227484345436096, 0.0029948882292956114, 0.00041654909728094935, 0.014907273463904858]",CDU/CSU,CDU/CSU
"[0.0008016949868761003, 0.005393653176724911, 0.3202837407588959, 0.36080870032310486, 0.0649743378162384, 0.24773789942264557]",LINKE,GRÜNE
"[0.9400978684425354, 0.006362073123455048, 0.0292860958725214, 0.001420473330654204, 0.02147648110985756, 0.0013569984585046768]",AfD,AfD
"[0.0002611543459352106, 0.000978874391876161, 0.001856147195212543, 0.9796805381774902, 0.012327838689088821, 0.004895470570772886]",GRÜNE,GRÜNE
"[0.0006728462176397443, 0.8294444680213928, 0.002512781647965312, 0.004877980332821608, 0.0008259161841124296, 0.16166600584983826]",CDU/CSU,CDU/CSU
"[0.004304203204810619, 0.2840447723865509, 0.705777645111084, 0.0009046612540259957, 0.004231767728924751, 0.0007369329687207937]",FDP,FDP
"[0.9785720109939575, 0.007769668009132147, 0.013005017302930355, 7.08968291291967e-05, 0.00044924175017513335, 0.00013317425327841192]",CDU/CSU,AfD
"[0.0027596040163189173, 0.0001735671830829233, 0.00018657100736163557, 0.00029938886291347444, 0.9965214729309082, 5.943833093624562e-05]",LINKE,LINKE
"[0.5095065236091614, 0.0010375342098996043, 0.04850582405924797, 0.294931024312973, 0.004482145421206951, 0.14153702557086945]",SPD,AfD
"[0.7028329968452454, 0.25426027178764343, 0.021796897053718567, 0.0023483838886022568, 0.005320495925843716, 0.013440951704978943]",AfD,AfD
"[0.0025290611665695906, 0.3562029004096985, 0.2767946720123291, 0.05151945725083351, 0.00508451322093606, 0.30786940455436707]",FDP,CDU/CSU
"[0.0009664202225394547, 0.3116694986820221, 0.3549768030643463, 0.3094995617866516, 0.0010890369303524494, 0.021798698231577873]",CDU/CSU,FDP
"[0.00020897685317322612, 0.0009573808056302369, 0.00019717491522897035, 0.09829726070165634, 0.8993237018585205, 0.0010154946940019727]",LINKE,LINKE
"[0.0001155747304437682, 0.018684396520256996, 0.0013316537952050567, 0.037440575659275055, 0.0003795589436776936, 0.942048192024231]",SPD,SPD
"[0.9844920635223389, 0.0036514797247946262, 0.0007327704806812108, 9.746530849952251e-05, 0.010875456035137177, 0.00015066549531184137]",AfD,AfD
"[0.9989444613456726, 0.00032430453575216234, 0.00028234990895725787, 0.00011273068957962096, 0.00020870017760898918, 0.00012744611012749374]",AfD,AfD
"[0.0004432487767189741, 0.3677945137023926, 0.09923084825277328, 0.034785196185112, 0.0017281653126701713, 0.49601802229881287]",SPD,SPD
"[0.5165791511535645, 0.003422618145123124, 0.0016753101954236627, 0.0027651230338960886, 0.47543731331825256, 0.00012037956912536174]",AfD,AfD
"[0.00030093707027845085, 0.9150503873825073, 0.002961259102448821, 0.007962586358189583, 0.0011081144912168384, 0.0726168155670166]",CDU/CSU,CDU/CSU
"[0.01259690523147583, 0.500492513179779, 0.09505769610404968, 0.11003834009170532, 0.10238870233297348, 0.17942583560943604]",CDU/CSU,CDU/CSU
"[0.00015875174722168595, 0.00013750953075941652, 0.0001890380954137072, 0.002331727184355259, 0.9969828724861145, 0.00020002007659059018]",LINKE,LINKE
"[0.0007004781509749591, 0.4919297695159912, 0.5024251937866211, 0.003111574100330472, 0.00024711928563192487, 0.0015859071863815188]",FDP,FDP
"[0.004780695773661137, 0.9901196360588074, 0.0014143575681373477, 0.001715129823423922, 0.0002460721880197525, 0.0017241109162569046]",CDU/CSU,CDU/CSU
"[0.0003882354940287769, 0.77065509557724, 0.016604550182819366, 0.03989435359835625, 0.00024678767658770084, 0.1722109615802765]",CDU/CSU,CDU/CSU
"[0.0018940955633297563, 0.9961428642272949, 0.0005403165705502033, 0.0002001450047828257, 0.00032484385883435607, 0.0008977694669738412]",CDU/CSU,CDU/CSU
"[0.00019328382040839642, 0.002017635153606534, 0.0004350688250269741, 0.00572206499055028, 0.00034165233955718577, 0.991290271282196]",SPD,SPD
"[0.00022094549785833806, 0.845431923866272, 0.024220893159508705, 0.0019507026299834251, 0.0001478652993682772, 0.12802772223949432]",CDU/CSU,CDU/CSU
"[0.0002015204227063805, 0.07979465276002884, 0.007377270143479109, 0.0590590164065361, 0.0002682823105715215, 0.8532992601394653]",CDU/CSU,SPD
"[0.00041107891593128443, 0.027525322511792183, 0.030093958601355553, 0.12982869148254395, 0.0017462694086134434, 0.8103947043418884]",SPD,SPD
"[0.014025039970874786, 0.0020004641264677048, 0.00272507406771183, 0.005507015157490969, 0.9745485186576843, 0.0011938954703509808]",LINKE,LINKE
"[0.00331576238386333, 0.006353747099637985, 0.008608581498265266, 0.48129376769065857, 0.42924192547798157, 0.07118623703718185]",LINKE,GRÜNE
"[0.00036582385655492544, 0.7737904787063599, 0.2238730937242508, 0.0005244899657554924, 0.0005789903225377202, 0.0008671587565913796]",CDU/CSU,CDU/CSU
"[0.9947233200073242, 0.0008562845177948475, 0.003911380656063557, 0.0002837548090610653, 0.00012890143261756748, 9.635433525545523e-05]",AfD,AfD
"[0.0016026805387809873, 0.2756160795688629, 0.0364321693778038, 0.08770927041769028, 0.2517490088939667, 0.34689077734947205]",SPD,SPD
"[0.49741029739379883, 0.0016714298399165273, 0.0008082841522991657, 0.0067358543165028095, 0.49279728531837463, 0.0005768444971181452]",AfD,AfD
"[0.00032732594991102815, 0.004750596825033426, 0.00022467132657766342, 0.0005898005329072475, 0.0004502672527451068, 0.9936573505401611]",SPD,SPD
"[0.001982373185455799, 0.4549892842769623, 0.0020703913178294897, 0.2772277891635895, 0.20636777579784393, 0.05736244097352028]",LINKE,CDU/CSU
"[0.0002878433442674577, 0.08377920836210251, 0.6788166165351868, 0.020564479753375053, 9.712253086036071e-05, 0.21645468473434448]",FDP,FDP
"[0.0006519844173453748, 0.8870300650596619, 0.019661596044898033, 0.005342063959687948, 0.007630968000739813, 0.07968338578939438]",CDU/CSU,CDU/CSU
"[0.00031504244543612003, 0.031194210052490234, 0.36848336458206177, 0.031945571303367615, 0.00036336074117571115, 0.5676984786987305]",SPD,SPD
"[0.0003003358142450452, 0.848599910736084, 0.013593710958957672, 0.002920486032962799, 0.00015186273958534002, 0.13443371653556824]",CDU/CSU,CDU/CSU
"[0.3263739049434662, 0.5157549977302551, 0.014849310740828514, 0.005881558638066053, 0.13417403399944305, 0.0029661431908607483]",AfD,CDU/CSU
"[0.6231394410133362, 0.13660813868045807, 0.23472142219543457, 0.002813355065882206, 0.001235904055647552, 0.0014816969633102417]",AfD,AfD
"[0.0014127299655228853, 0.5088445544242859, 0.48898208141326904, 0.00021411184570752084, 0.00017454198678024113, 0.0003718491061590612]",CDU/CSU,CDU/CSU
"[0.00016548609710298479, 0.00052540039177984, 0.9984560012817383, 0.00018335538334213197, 9.558913006912917e-05, 0.0005742287612520158]",FDP,FDP
"[0.0014338255859911442, 0.20123860239982605, 0.008757593110203743, 0.2305438369512558, 0.02211861126124859, 0.5359075665473938]",SPD,SPD
"[0.9969986081123352, 0.0013477569445967674, 0.0012236228212714195, 0.00010996941273333505, 0.00017875940829981118, 0.00014125353482086211]",AfD,AfD
"[0.002503942232578993, 0.5632492899894714, 0.24985209107398987, 0.07287022471427917, 0.04804965481162071, 0.06347479671239853]",CDU/CSU,CDU/CSU
"[0.000564165529794991, 0.47336119413375854, 0.00475598918274045, 0.0038026836700737476, 0.0027657123282551765, 0.5147502422332764]",CDU/CSU,SPD
"[0.0028061475604772568, 0.8805765509605408, 0.059518806636333466, 0.0046263523399829865, 0.000951677153352648, 0.05152050033211708]",CDU/CSU,CDU/CSU
"[0.0003752602497115731, 0.016245611011981964, 0.6999220848083496, 0.025004569441080093, 0.00014869391452521086, 0.25830382108688354]",FDP,FDP
"[0.00047042229562066495, 0.8505864143371582, 0.009677893482148647, 0.002414453774690628, 0.00024562151520513, 0.13660520315170288]",SPD,CDU/CSU
"[0.051123958081007004, 0.7437077760696411, 0.1840243935585022, 0.007154766470193863, 0.013517270796000957, 0.0004718070267699659]",CDU/CSU,CDU/CSU
"[0.0001981883979169652, 0.5344833731651306, 0.03634798899292946, 0.09193664789199829, 0.01145098078995943, 0.3255828320980072]",FDP,CDU/CSU
"[0.10633145272731781, 0.3852026164531708, 0.0256502665579319, 0.008917818777263165, 0.0039080367423594, 0.4699898064136505]",CDU/CSU,SPD
"[0.043548583984375, 0.7160887122154236, 0.0027277893386781216, 0.003342157229781151, 0.04948575794696808, 0.1848069578409195]",SPD,CDU/CSU
"[0.00047073804307729006, 0.9474531412124634, 0.030333679169416428, 0.00019218848319724202, 0.00022513711883220822, 0.021325085312128067]",CDU/CSU,CDU/CSU
"[0.0004702069563791156, 0.0007609884487465024, 0.9983083009719849, 0.00020036597561556846, 0.00010936345643131062, 0.00015080173034220934]",FDP,FDP
"[0.0009248180431313813, 0.2670575678348541, 0.5229002237319946, 0.011942196637392044, 0.0002721947676036507, 0.19690299034118652]",FDP,FDP
"[0.005017458461225033, 0.8949783444404602, 0.07067067176103592, 0.002269905526190996, 0.0013150331797078252, 0.025748560205101967]",CDU/CSU,CDU/CSU
"[0.007757208775728941, 0.7067261934280396, 0.05916842073202133, 0.00524810329079628, 0.003571656998246908, 0.21752837300300598]",CDU/CSU,CDU/CSU
"[0.9933774471282959, 0.0016577828209847212, 0.0012712544994428754, 0.0011459572706371546, 0.0015142136253416538, 0.0010332809761166573]",AfD,AfD
"[0.9926846027374268, 0.005578502546995878, 0.0008461841498501599, 0.00025973026640713215, 0.0004200880939606577, 0.00021085015032440424]",AfD,AfD
"[0.0006004669703543186, 0.3545813262462616, 0.007781947497278452, 0.025468388572335243, 0.0010563064133748412, 0.6105116009712219]",CDU/CSU,SPD
"[7.139262743294239e-05, 0.03282855451107025, 0.005975605454295874, 0.11822016537189484, 0.0011911181500181556, 0.8417131900787354]",SPD,SPD
"[0.00045014344505034387, 0.23741258680820465, 0.0254907738417387, 0.0016705529997125268, 0.0002504668082110584, 0.7347255349159241]",SPD,SPD
"[0.4130591154098511, 0.5450600385665894, 0.0007327042985707521, 0.00037574992165900767, 0.036155812442302704, 0.004616550635546446]",CDU/CSU,CDU/CSU
"[0.0005178072024136782, 0.9865640997886658, 0.0029729558154940605, 0.0009573754505254328, 0.0016223429702222347, 0.0073654139414429665]",CDU/CSU,CDU/CSU
"[0.0004928940907120705, 0.7905081510543823, 0.03937576711177826, 0.0029435292817652225, 0.0002935187076218426, 0.1663861870765686]",CDU/CSU,CDU/CSU
"[0.0016866502119228244, 0.0530315525829792, 0.09994841367006302, 0.5703867077827454, 0.026350602507591248, 0.24859611690044403]",GRÜNE,GRÜNE
"[0.0002274021680932492, 0.4275689721107483, 0.03786894679069519, 0.0038371074479073286, 0.0004021544009447098, 0.5300953984260559]",CDU/CSU,SPD
"[0.002177524846047163, 0.21047818660736084, 0.031068261712789536, 0.03194163367152214, 0.041370686143636703, 0.6829637289047241]",SPD,SPD
"[0.000562508765142411, 0.00016063115617725998, 9.010591020341963e-05, 0.0001198381360154599, 0.9989522695541382, 0.00011457390792202204]",LINKE,LINKE
"[0.9882674217224121, 0.0004431406268849969, 0.008330391719937325, 0.0009048424544744194, 0.0010732674272730947, 0.0009809584589675069]",AfD,AfD
"[0.0004271309298928827, 0.48069629073143005, 0.04735635593533516, 0.45968976616859436, 0.0004359935119282454, 0.01139446347951889]",GRÜNE,CDU/CSU
"[0.0016997180646285415, 0.6177017092704773, 0.32791051268577576, 0.005142330192029476, 0.0023850954603403807, 0.04516065493226051]",CDU/CSU,CDU/CSU
"[0.00020056276116520166, 0.04042644053697586, 0.7315897941589355, 0.11146056652069092, 0.0007786669302731752, 0.11554402112960815]",FDP,FDP
"[0.023042241111397743, 0.016753865405917168, 0.09777455776929855, 0.21396297216415405, 0.001878822804428637, 0.6465875506401062]",SPD,SPD
"[0.0005469626048579812, 0.461531400680542, 0.0178151186555624, 0.19331960380077362, 0.0009165305527858436, 0.3258703649044037]",CDU/CSU,CDU/CSU
"[0.00011955283116549253, 0.8589499592781067, 0.013286140747368336, 0.005103671457618475, 0.0017539950786158442, 0.12078660726547241]",CDU/CSU,CDU/CSU
"[0.0004361388273537159, 0.00019449455430731177, 0.00022939301561564207, 0.005295766517519951, 0.9937483072280884, 9.58845776040107e-05]",LINKE,LINKE
"[0.000690740009304136, 0.6240211129188538, 0.089105524122715, 0.012111231684684753, 0.001175983459688723, 0.2728954255580902]",CDU/CSU,CDU/CSU
"[0.9828163981437683, 0.005644467193633318, 0.009998389519751072, 0.0004947282723151147, 0.00040243426337838173, 0.0006435688701458275]",AfD,AfD
"[0.003143562003970146, 0.786098301410675, 0.06141461804509163, 0.003768433118239045, 0.006256319582462311, 0.13931868970394135]",CDU/CSU,CDU/CSU
"[0.0002816453343257308, 0.997532844543457, 0.0017018024809658527, 0.00013949985441286117, 0.00011638864816632122, 0.00022787800116930157]",CDU/CSU,CDU/CSU
"[0.0005204972694627941, 0.15135718882083893, 0.05763163045048714, 0.5303301215171814, 0.011085004545748234, 0.24907556176185608]",GRÜNE,GRÜNE
"[0.00019319298735354096, 0.9929713010787964, 0.0015101188328117132, 0.0027080895379185677, 0.0004847004893235862, 0.002132559195160866]",CDU/CSU,CDU/CSU
"[0.0003533073468133807, 0.0006424932507798076, 0.00034858312574215233, 0.12259890139102936, 0.8757984638214111, 0.0002582566812634468]",LINKE,LINKE
"[0.0001910243881866336, 0.01926404796540737, 0.0027126518543809652, 0.07756733149290085, 0.00018891294894274324, 0.9000760316848755]",SPD,SPD
"[0.00019887826056219637, 0.00011172414087923244, 5.251768743619323e-05, 0.00024343292170669883, 0.9991554021835327, 0.00023802612849976867]",LINKE,LINKE
"[0.0005321760545484722, 0.13664491474628448, 0.11299928277730942, 0.15658746659755707, 0.00015977387374732643, 0.5930764079093933]",SPD,SPD
"[0.0002549345954321325, 0.0002666478685569018, 0.9989345669746399, 0.00021238271438051015, 0.0001550793240312487, 0.00017641567683313042]",FDP,FDP
"[0.0003574306610971689, 0.0002630482194945216, 0.0006318019586615264, 0.9472154378890991, 0.00041460117790848017, 0.05111768841743469]",GRÜNE,GRÜNE
"[0.00023893528850749135, 0.002514766762033105, 0.0046307104639709, 0.1885756403207779, 0.0005003419937565923, 0.8035395741462708]",SPD,SPD
"[0.008589550852775574, 0.03288514167070389, 0.05229083448648453, 0.4036119282245636, 0.42158758640289307, 0.08103490620851517]",LINKE,LINKE
"[0.002590598538517952, 0.771088719367981, 0.12239927053451538, 0.008508389815688133, 0.000650580448564142, 0.094762422144413]",CDU/CSU,CDU/CSU
"[0.46144333481788635, 0.10188329219818115, 0.4266183078289032, 0.0015780073590576649, 0.004689984489232302, 0.0037870407104492188]",AfD,AfD
"[0.00019069848349317908, 0.015918709337711334, 0.0007928373524919152, 0.0009684599936008453, 9.596352174412459e-05, 0.982033371925354]",SPD,SPD
"[0.00037345176679082215, 0.0037432359531521797, 0.002782449359074235, 0.5575154423713684, 0.4338858425617218, 0.0016994928009808064]",GRÜNE,GRÜNE
"[0.046163491904735565, 0.655903697013855, 0.2885175049304962, 0.0005165621405467391, 0.0005532356444746256, 0.008345494978129864]",CDU/CSU,CDU/CSU
"[0.0001673777587711811, 0.047182876616716385, 0.01640445366501808, 0.03501969203352928, 0.00023187104670796543, 0.9009937047958374]",SPD,SPD
"[0.0009634304442442954, 0.9942265748977661, 0.0020764488726854324, 0.00021799119713250548, 0.0016281624557450414, 0.0008874079212546349]",CDU/CSU,CDU/CSU
"[0.003738942788913846, 0.6488252282142639, 0.05019765719771385, 0.01822909526526928, 0.02737594023346901, 0.25163307785987854]",LINKE,CDU/CSU
"[0.001076567335985601, 0.025639476254582405, 0.41359028220176697, 0.3986752927303314, 0.000491033832076937, 0.1605273336172104]",SPD,FDP
"[0.00014080079563427716, 0.0004174115019850433, 0.9980981349945068, 0.00043304736027494073, 0.0002793899620883167, 0.0006312613841146231]",FDP,FDP
"[0.0013632571790367365, 0.03751090168952942, 0.904667317867279, 0.0028820252045989037, 0.005617874208837748, 0.047958679497241974]",LINKE,FDP
"[0.00046762905549257994, 0.09358275681734085, 0.3357764184474945, 0.5405166149139404, 0.0006058686412870884, 0.029050759971141815]",GRÜNE,GRÜNE
"[0.00011646483471849933, 0.0005194168188609183, 0.9987202882766724, 0.0001365606876788661, 0.0001136558857979253, 0.00039361085509881377]",FDP,FDP
"[0.0006578912143595517, 0.2824437618255615, 0.6139740943908691, 0.007011960260570049, 0.00020334895816631615, 0.09570886194705963]",FDP,FDP
"[0.0002496568486094475, 0.00038101570680737495, 0.0019607830327004194, 0.6710918545722961, 0.0005258884630165994, 0.3257908225059509]",SPD,GRÜNE
"[0.0010186866857111454, 0.5808217525482178, 0.11010986566543579, 0.0554133802652359, 0.018290549516677856, 0.23434579372406006]",SPD,CDU/CSU
"[0.00023119438264984637, 0.1963881254196167, 0.005813150200992823, 0.018419526517391205, 0.0002927719324361533, 0.7788552641868591]",SPD,SPD
"[0.9906139373779297, 0.002637570258229971, 0.0054717278108000755, 0.0003349203325342387, 0.0004419675678946078, 0.0004998376243747771]",AfD,AfD
"[0.000486199336592108, 0.8421911001205444, 0.05044279247522354, 0.008364744484424591, 0.0007540144142694771, 0.09776116162538528]",CDU/CSU,CDU/CSU
"[0.33574241399765015, 0.023396866396069527, 0.6235848069190979, 0.014096604660153389, 0.0013221177505329251, 0.0018572158878669143]",FDP,FDP
"[0.0002304411755176261, 0.0023525042925029993, 0.02334108203649521, 0.0022978829219937325, 0.0002310862619196996, 0.9715470671653748]",SPD,SPD
"[0.014209762215614319, 0.5818169713020325, 0.08051199465990067, 0.007910347543656826, 0.0010651114862412214, 0.3144857883453369]",SPD,CDU/CSU
"[0.000594945449847728, 0.4836898744106293, 0.5064776539802551, 0.0017029071459546685, 0.00047153362538665533, 0.007063038181513548]",FDP,FDP
"[0.0005050040199421346, 0.47387874126434326, 0.4362877905368805, 0.012148470617830753, 0.0015331041067838669, 0.07564691454172134]",CDU/CSU,CDU/CSU
"[0.001768066780641675, 0.3721456229686737, 0.015290769748389721, 0.17036759853363037, 0.014530043117702007, 0.42589789628982544]",SPD,SPD
"[0.0004533478931989521, 0.09345027059316635, 0.7727129459381104, 0.0045347451232373714, 0.0002051035116892308, 0.1286436766386032]",FDP,FDP
"[0.997349739074707, 0.0017335868906229734, 0.00048119580605998635, 0.00011808946146629751, 0.0002679034660104662, 4.942886153003201e-05]",AfD,AfD
"[0.0008916932274587452, 0.07841672748327255, 0.9113889932632446, 0.0008136925753206015, 0.00017415084585081786, 0.00831478089094162]",FDP,FDP
"[0.9330230355262756, 0.026432612910866737, 0.03560537099838257, 0.00101809436455369, 0.0008123362204059958, 0.0031084695365279913]",AfD,AfD
"[0.00018772936891764402, 0.000248557364102453, 0.00011075481597799808, 0.025982921943068504, 0.9724017381668091, 0.0010682319989427924]",LINKE,LINKE
"[0.0002847517025656998, 0.025898948311805725, 0.0017421413213014603, 0.043422356247901917, 0.00035550148459151387, 0.9282963275909424]",SPD,SPD
"[0.00026729164528660476, 0.9165427684783936, 0.059682365506887436, 0.0006483482429757714, 0.0003924100019503385, 0.02246684767305851]",CDU/CSU,CDU/CSU
"[0.8330191373825073, 0.03925254940986633, 0.08007431775331497, 0.007348337210714817, 0.016832826659083366, 0.023472879081964493]",AfD,AfD
"[0.0003191104915458709, 0.0004451363638509065, 0.00031036752625368536, 0.0222938135266304, 0.9762396812438965, 0.0003918249567504972]",LINKE,LINKE
"[0.00016398527077399194, 0.00044660468120127916, 0.0006622866494581103, 0.0034661036916077137, 0.00022450894175563008, 0.9950366020202637]",SPD,SPD
"[0.00017009000293910503, 0.0002757447655312717, 0.9988083839416504, 0.00036123028257861733, 0.00022936996538192034, 0.00015524648188147694]",FDP,FDP
"[0.000450260064098984, 0.4539514183998108, 0.004110485315322876, 0.002614706289023161, 0.00048488040920346975, 0.5383882522583008]",SPD,SPD
"[0.9973928332328796, 0.000526588293723762, 0.000987701932899654, 0.0001308924111071974, 0.0008923797286115587, 6.961471808608621e-05]",AfD,AfD
"[0.0006088771624490619, 0.10499044507741928, 0.27027130126953125, 0.32307466864585876, 0.005358584225177765, 0.29569610953330994]",SPD,GRÜNE
"[0.004726706072688103, 0.16927343606948853, 0.02893955446779728, 0.06086409464478493, 0.0037926072254776955, 0.732403576374054]",SPD,SPD
"[0.00019580924708861858, 0.995978593826294, 0.0014339694753289223, 0.0001284674508497119, 0.00025413776165805757, 0.002009055810049176]",CDU/CSU,CDU/CSU
"[0.0003396966203581542, 0.0012136779259890318, 0.0015191080747172236, 0.00419524684548378, 0.9925363659858704, 0.00019584114488679916]",LINKE,LINKE
"[0.0002967622713185847, 0.8466625213623047, 0.001611025771126151, 0.001848725602030754, 0.000252565776463598, 0.14932844042778015]",CDU/CSU,CDU/CSU
"[0.0004171326581854373, 0.57244473695755, 0.009929324500262737, 0.0037452727556228638, 0.00133089954033494, 0.4121326506137848]",SPD,CDU/CSU
"[0.0047414349392056465, 0.0002576989063527435, 0.0001797075237846002, 0.00015474164683837444, 0.9942933917045593, 0.0003731163451448083]",LINKE,LINKE
"[0.0051311166025698185, 0.34326043725013733, 0.0009172553545795381, 0.0673314705491066, 0.030375711619853973, 0.5529839992523193]",SPD,SPD
"[0.001040435628965497, 0.13080058991909027, 0.0670681744813919, 0.27970388531684875, 0.0010200046235695481, 0.520366907119751]",GRÜNE,SPD
"[0.0020768793765455484, 0.721259593963623, 0.12205233424901962, 0.007522805593907833, 0.0034873622935265303, 0.14360100030899048]",SPD,CDU/CSU
"[0.00021952057431917638, 0.45871734619140625, 0.025748444721102715, 0.024233831092715263, 0.0002447620499879122, 0.49083608388900757]",CDU/CSU,SPD
"[0.0004047543625347316, 0.2158724069595337, 0.15729033946990967, 0.015603037551045418, 0.0013840098399668932, 0.6094454526901245]",SPD,SPD
"[0.0005078947870060802, 0.0034477103035897017, 0.0007027753163129091, 0.5805091857910156, 0.00166277342941612, 0.41316965222358704]",SPD,GRÜNE
"[8.521199924871325e-05, 0.0016931791324168444, 0.00036038970574736595, 0.9944284558296204, 0.0019185782875865698, 0.0015141956973820925]",GRÜNE,GRÜNE
"[0.0003525762294884771, 0.32319262623786926, 0.09436143189668655, 0.021591108292341232, 0.0001312641688855365, 0.5603710412979126]",FDP,SPD
"[0.7325930595397949, 0.0287068709731102, 0.0612105056643486, 0.0009369197650812566, 0.17561709880828857, 0.0009355209767818451]",AfD,AfD
"[0.0007746435003355145, 0.20901815593242645, 0.08584818989038467, 0.21821251511573792, 0.001058910507708788, 0.4850875735282898]",SPD,SPD
"[0.0003230994916521013, 0.10725490748882294, 0.39286941289901733, 0.06529922038316727, 0.00042008538730442524, 0.4338332712650299]",SPD,SPD
"[0.016042102128267288, 0.018970543518662453, 0.9067815542221069, 0.009049651212990284, 0.00107390689663589, 0.04808228462934494]",SPD,FDP
"[0.0007097209454514086, 0.03768239915370941, 0.5844807028770447, 0.34458887577056885, 0.0003943043702747673, 0.0321439765393734]",FDP,FDP
"[0.000213304374483414, 0.0006334137287922204, 0.0003434778191149235, 0.2393685132265091, 0.757658064365387, 0.0017831608420237899]",LINKE,LINKE
"[0.001436628052033484, 0.7850319743156433, 0.0743582621216774, 0.038935158401727676, 0.0017098697135224938, 0.0985281839966774]",CDU/CSU,CDU/CSU
"[0.0003115845611318946, 0.10907874256372452, 0.2206159085035324, 0.02915985696017742, 0.0005024574929848313, 0.6403314471244812]",SPD,SPD
"[0.0003377842949703336, 0.0007462986395694315, 0.001925915596075356, 0.1573881059885025, 0.0006597829051315784, 0.8389421105384827]",SPD,SPD
"[0.5631484985351562, 0.0005062119453214109, 0.0005366875557228923, 0.0006771082989871502, 0.4348103106021881, 0.00032115221256390214]",AfD,AfD
"[0.0005285286461003125, 0.3668527603149414, 0.040443986654281616, 0.021057607606053352, 0.0006263917894102633, 0.5704907178878784]",SPD,SPD
"[0.00025479652686044574, 0.0005554409581236541, 0.0016647304873913527, 0.9342474937438965, 0.0018974723061546683, 0.061380062252283096]",GRÜNE,GRÜNE
"[0.0005987533368170261, 0.0021427308674901724, 0.002794337924569845, 0.04000396281480789, 0.0002453961060382426, 0.954214870929718]",SPD,SPD
"[0.0005120679270476103, 0.30248573422431946, 0.12294167280197144, 0.5622250437736511, 0.0029728251975029707, 0.008862626738846302]",CDU/CSU,GRÜNE
"[0.0001035377717926167, 0.9971809983253479, 0.0009832470677793026, 0.00015344462008215487, 0.0007713086670264602, 0.0008074092329479754]",CDU/CSU,CDU/CSU
"[0.0002931896597146988, 0.1325230449438095, 0.021257659420371056, 0.026802677661180496, 0.0005397155764512718, 0.8185836672782898]",SPD,SPD
"[0.9975666999816895, 0.0001850597618613392, 0.0016797352582216263, 9.404035517945886e-05, 0.00039446636219508946, 8.005797280929983e-05]",AfD,AfD
"[0.0012586794327944517, 0.6055921912193298, 0.07578319311141968, 0.20770816504955292, 0.04853814095258713, 0.06111960858106613]",CDU/CSU,CDU/CSU
"[0.00020073133055120707, 0.9980638027191162, 0.0009474637336097658, 0.00028608785942196846, 0.00015597358287777752, 0.0003459324943833053]",CDU/CSU,CDU/CSU
"[0.0006082384497858584, 0.13828401267528534, 0.8308125138282776, 0.0009115288848988712, 0.00014988979091867805, 0.029233776032924652]",FDP,FDP
"[0.000246768060605973, 0.0006877109408378601, 0.0001818103191908449, 0.0010873660212382674, 0.00018954294500872493, 0.9976068139076233]",SPD,SPD
"[0.9984328150749207, 0.0006496021524071693, 0.000711992324795574, 5.8909528888762e-05, 7.071215804899111e-05, 7.597781950607896e-05]",AfD,AfD
"[0.00048097854596562684, 0.023546935990452766, 0.010012039914727211, 0.11673115938901901, 0.004734440241008997, 0.8444944024085999]",SPD,SPD
"[0.23602522909641266, 0.38686639070510864, 0.346784770488739, 0.01011023297905922, 0.01738382875919342, 0.002829530043527484]",AfD,CDU/CSU
"[0.000209868885576725, 0.004691035021096468, 0.9941513538360596, 0.000355952070094645, 0.0001523859245935455, 0.0004393600393086672]",FDP,FDP
"[0.0798153504729271, 0.007442131172865629, 0.0829138234257698, 0.08727563172578812, 0.7328939437866211, 0.00965909007936716]",LINKE,LINKE
"[0.00017074945208150893, 0.009539594873785973, 0.0019474882865324616, 0.9378595352172852, 0.006242693867534399, 0.04423990100622177]",GRÜNE,GRÜNE
"[0.0007607495645061135, 0.8771599531173706, 0.013499977998435497, 0.001332591869868338, 0.0004018210747744888, 0.10684487968683243]",CDU/CSU,CDU/CSU
"[0.0003099293098784983, 0.015403741970658302, 0.030742287635803223, 0.8254640698432922, 0.0002767637779470533, 0.1278032809495926]",GRÜNE,GRÜNE
"[0.0002659229503478855, 0.00011768726108130068, 7.728127093287185e-05, 0.0013908719411119819, 0.9980151653289795, 0.0001331124803982675]",LINKE,LINKE
"[0.0022617715876549482, 0.9807405471801758, 0.005987668409943581, 0.00016000910545699298, 0.0026965728029608727, 0.008153463713824749]",CDU/CSU,CDU/CSU
"[0.0005155371036380529, 0.28590425848960876, 0.011176974512636662, 0.07492782920598984, 0.000509711098857224, 0.6269657015800476]",CDU/CSU,SPD
"[0.0004464823578018695, 0.9161649346351624, 0.029918985441327095, 0.01968209259212017, 0.01119513064622879, 0.022592386230826378]",CDU/CSU,CDU/CSU
"[0.001332527375780046, 0.0009675024193711579, 0.6384885311126709, 0.12144360691308975, 0.0007071932777762413, 0.23706065118312836]",FDP,FDP
"[0.000341740989824757, 0.004872479476034641, 0.052929896861314774, 0.009117243811488152, 0.00021531131642404944, 0.9325233101844788]",SPD,SPD
"[0.8945590257644653, 0.003508422989398241, 0.09917350113391876, 0.0012633927399292588, 0.0007648902828805149, 0.000730721338186413]",AfD,AfD
"[0.004705335944890976, 0.2675671875476837, 0.6821973323822021, 0.0007506477413699031, 0.00042568924254737794, 0.04435384273529053]",FDP,FDP
"[0.004422102589160204, 0.024276316165924072, 0.004386159125715494, 0.9616479873657227, 0.0007172196637839079, 0.004550153389573097]",GRÜNE,GRÜNE
"[0.000468734884634614, 0.2532334625720978, 0.012379854917526245, 0.1152164563536644, 0.003371000988408923, 0.6153305172920227]",SPD,SPD
"[0.00011544651351869106, 0.0009399792179465294, 0.9982225894927979, 0.0001430871634511277, 0.00014285148063208908, 0.0004360295715741813]",FDP,FDP
"[0.02491823025047779, 0.006037136539816856, 0.08921017497777939, 0.25832533836364746, 0.6211262345314026, 0.00038284805486910045]",LINKE,LINKE
"[0.0005532875075004995, 0.20335640013217926, 0.023300735279917717, 0.26182740926742554, 0.01615486852824688, 0.49480730295181274]",GRÜNE,SPD
"[0.0015157016459852457, 0.3687118887901306, 0.04794999957084656, 0.331329882144928, 0.0008974468219093978, 0.24959510564804077]",SPD,CDU/CSU
"[0.00018044572789222002, 0.3399132192134857, 0.021213600412011147, 0.028857842087745667, 0.0003130025288555771, 0.6095218062400818]",CDU/CSU,SPD
"[0.00020022572425659746, 0.4210141599178314, 0.002188025740906596, 0.0006018407293595374, 0.00036187548539601266, 0.5756338238716125]",CDU/CSU,SPD
"[0.0006523429183289409, 0.0004769152437802404, 0.00024406792363151908, 0.06573233753442764, 0.9321718215942383, 0.0007225137669593096]",LINKE,LINKE
"[0.001059069181792438, 0.0019611939787864685, 0.3241114616394043, 0.3358517587184906, 0.22643154859542847, 0.11058498173952103]",GRÜNE,GRÜNE
"[0.002024398185312748, 0.40537476539611816, 0.1292615383863449, 0.029731448739767075, 0.0014949956675991416, 0.43211284279823303]",SPD,SPD
"[0.9454622268676758, 0.048851415514945984, 0.003954552114009857, 0.00023023871472105384, 0.0006610333221033216, 0.000840534979943186]",AfD,AfD
"[0.00026169815100729465, 0.35267534852027893, 0.30105385184288025, 0.1255982220172882, 0.04380818083882332, 0.17660266160964966]",SPD,CDU/CSU
"[0.0005235119606368244, 0.5020030736923218, 0.00988815724849701, 0.004059468861669302, 0.0007532971794717014, 0.48277243971824646]",CDU/CSU,CDU/CSU
"[0.0005493853241205215, 0.9971996545791626, 0.00044752031681127846, 0.00036383140832185745, 0.001123144873417914, 0.0003164110821671784]",CDU/CSU,CDU/CSU
"[0.00043116218876093626, 0.8690249919891357, 0.008291464298963547, 0.007931996136903763, 0.00030139711452648044, 0.1140190064907074]",CDU/CSU,CDU/CSU
"[0.0017096424708142877, 0.05029044300317764, 0.14945381879806519, 0.44793301820755005, 0.29606565833091736, 0.0545475035905838]",FDP,GRÜNE
"[0.0460842065513134, 0.287179172039032, 0.14157386124134064, 0.12569451332092285, 0.32645294070243835, 0.07301533967256546]",LINKE,LINKE
"[0.0005570965586230159, 0.34266749024391174, 0.34632107615470886, 0.015112369321286678, 0.00019759489805437624, 0.29514434933662415]",SPD,FDP
"[0.000584585010074079, 0.9751110672950745, 0.0021993813570588827, 0.00934325996786356, 0.0013495447346940637, 0.011412146501243114]",CDU/CSU,CDU/CSU
"[0.0019101140787824988, 0.002022722503170371, 0.0030680103227496147, 0.4557340145111084, 0.5357933044433594, 0.001471814583055675]",LINKE,LINKE
"[0.0005572161753661931, 0.0636407732963562, 0.051073674112558365, 0.009519527666270733, 0.0003155750746373087, 0.8748932480812073]",SPD,SPD
"[0.00046976827434264123, 0.00025576737243682146, 7.331436790991575e-05, 0.0003499341255519539, 0.9987780451774597, 7.309989450732246e-05]",LINKE,LINKE
"[0.0004202983691357076, 0.15338024497032166, 0.012259709648787975, 0.007945133373141289, 0.00022399224690161645, 0.8257706165313721]",SPD,SPD
"[0.9935592412948608, 0.0005236501456238329, 0.0024096323177218437, 0.0025533558800816536, 0.0008148745400831103, 0.0001392839039908722]",AfD,AfD
"[0.0008753486908972263, 0.7273279428482056, 0.030188828706741333, 0.14878781139850616, 0.0020257229916751385, 0.09079433232545853]",CDU/CSU,CDU/CSU
"[0.000853498640935868, 0.8147361278533936, 0.0012813234934583306, 0.014825637452304363, 0.0023124441504478455, 0.165990948677063]",CDU/CSU,CDU/CSU
"[0.00015713417087681592, 0.0002176351408706978, 0.9988945722579956, 0.0003731056349352002, 0.00012608680117409676, 0.00023147201864048839]",FDP,FDP
"[0.0002219960151705891, 0.003630263963714242, 0.0008173495880328119, 0.021430207416415215, 0.9723989963531494, 0.0015011571813374758]",LINKE,LINKE
"[0.9906625747680664, 0.008015982806682587, 0.00027891522040590644, 0.0001073042512871325, 0.0008143215673044324, 0.00012096096179448068]",AfD,AfD
"[0.0014690173557028174, 0.9224969744682312, 0.07383400201797485, 0.0006420933059416711, 0.0005533522926270962, 0.0010046266252174973]",CDU/CSU,CDU/CSU
"[0.0004787272191606462, 0.0029500529635697603, 0.003285270184278488, 0.40890610218048096, 0.5837273597717285, 0.0006525108474306762]",LINKE,LINKE
"[0.0003700432425830513, 0.8632280826568604, 0.0015903596067801118, 0.0003756695659831166, 0.0004069350252393633, 0.13402895629405975]",CDU/CSU,CDU/CSU
"[0.0005383256357163191, 0.330293208360672, 0.5843663811683655, 0.027482295408844948, 0.0011347769759595394, 0.05618497356772423]",FDP,FDP
"[0.9847457408905029, 0.005590878892689943, 0.005612354259938002, 0.0005482889246195555, 0.0032307941000908613, 0.0002718838513828814]",AfD,AfD
"[0.0074199773371219635, 0.704317569732666, 0.050801973789930344, 0.01708155684173107, 0.018676096573472023, 0.20170287787914276]",CDU/CSU,CDU/CSU
"[0.00032102136174216866, 0.0006367011228576303, 0.0011647221399471164, 0.9826995134353638, 0.0010427490342408419, 0.01413535326719284]",GRÜNE,GRÜNE
"[0.000244396593188867, 0.9679232239723206, 0.02870335429906845, 0.0004655795346479863, 0.00021709509019274265, 0.0024463690351694822]",CDU/CSU,CDU/CSU
"[0.990571141242981, 0.002855253405869007, 0.0016597717767581344, 0.003203983884304762, 0.0004787944199051708, 0.0012310309102758765]",AfD,AfD
"[0.00012110935495002195, 0.0003758181119337678, 0.003920599818229675, 0.9650833010673523, 0.027373410761356354, 0.003125745803117752]",GRÜNE,GRÜNE
"[0.00016330105427186936, 0.0008904164424166083, 0.005827863700687885, 0.011846045032143593, 9.02725150808692e-05, 0.9811820983886719]",SPD,SPD
"[0.0006078709266148508, 0.2231515496969223, 0.3558531701564789, 0.017468761652708054, 0.002973818453028798, 0.39994487166404724]",SPD,SPD
"[0.0002175471599912271, 0.03446269780397415, 0.0006910455995239317, 0.0013411175459623337, 0.00020374520681798458, 0.963083803653717]",SPD,SPD
"[0.002454569796100259, 0.3013639748096466, 0.08142303675413132, 0.13402803242206573, 0.3153994381427765, 0.1653309017419815]",SPD,LINKE
"[0.0002274586004205048, 0.6063385605812073, 0.01147257350385189, 0.05687687546014786, 0.0001931172446347773, 0.32489144802093506]",CDU/CSU,CDU/CSU
"[0.0007224952569231391, 0.003350856713950634, 0.0006360907573252916, 0.7045158743858337, 0.014481093734502792, 0.2762935757637024]",GRÜNE,GRÜNE
"[0.00013194668281357735, 0.00493501266464591, 0.0016194063937291503, 0.0023952526971697807, 0.00017224077600985765, 0.9907462000846863]",SPD,SPD
"[0.0001568626321386546, 0.0007185665890574455, 0.9985049962997437, 0.0001630407350603491, 8.500154945068061e-05, 0.0003714900813065469]",FDP,FDP
"[0.00028655046480707824, 0.009192264638841152, 0.03601185604929924, 0.017704671248793602, 0.00046963946078903973, 0.936335027217865]",SPD,SPD
"[0.0026344803627580404, 0.4331931173801422, 0.5552745461463928, 0.006765870843082666, 0.001389120239764452, 0.0007428950048051775]",FDP,FDP
"[0.000491983606480062, 0.0013370116939768195, 0.00030195468571037054, 0.26553523540496826, 0.727502703666687, 0.00483119348064065]",GRÜNE,LINKE
"[0.000541234971024096, 0.0007808394730091095, 9.859026613412425e-05, 0.0003256414202041924, 0.9981200098991394, 0.00013357771968003362]",LINKE,LINKE
"[0.00024591878172941506, 0.0019136337796226144, 0.0013229489559307694, 0.9339599609375, 0.00023011867597233504, 0.06232747063040733]",GRÜNE,GRÜNE
"[0.0006701418315060437, 0.7301834225654602, 0.12854354083538055, 0.12089323997497559, 0.016389019787311554, 0.0033205158542841673]",CDU/CSU,CDU/CSU
"[0.1360844075679779, 0.7977826595306396, 0.015287444926798344, 0.00034041618346236646, 0.007455976214259863, 0.04304904863238335]",CDU/CSU,CDU/CSU
"[0.0006402319995686412, 0.47063571214675903, 0.34323668479919434, 0.1770118772983551, 0.0011342985089868307, 0.0073411958292126656]",CDU/CSU,CDU/CSU
"[0.00022341532167047262, 0.45546844601631165, 0.00644929613918066, 0.0008866881253197789, 0.00014326840755529702, 0.5368288159370422]",SPD,SPD
"[0.3104523718357086, 0.34431126713752747, 0.33765169978141785, 0.0013115813490003347, 0.0011711103143170476, 0.005101996473968029]",FDP,CDU/CSU
"[0.002408052561804652, 0.019850773736834526, 0.19409479200839996, 0.7209248542785645, 0.010096205398440361, 0.052625272423028946]",GRÜNE,GRÜNE
"[0.0034890882670879364, 0.011167083866894245, 0.9788312315940857, 0.0017890267772600055, 0.0035753194242715836, 0.001148334122262895]",FDP,FDP
"[0.0002447120496071875, 0.6899666786193848, 0.140998974442482, 0.014346208423376083, 0.0002975527895614505, 0.15414586663246155]",CDU/CSU,CDU/CSU
"[0.0015760227106511593, 0.21453803777694702, 0.4893256425857544, 0.029643934220075607, 0.0019059539772570133, 0.2630103826522827]",FDP,FDP
"[0.0012234707828611135, 0.780336856842041, 0.006957777310162783, 0.0010503116063773632, 0.0037649774458259344, 0.20666654407978058]",CDU/CSU,CDU/CSU
"[0.0012872257502749562, 0.02988518960773945, 0.2577463686466217, 0.2514287233352661, 0.003238338977098465, 0.45641422271728516]",SPD,SPD
"[0.000884276523720473, 0.26665157079696655, 0.157657653093338, 0.009869210422039032, 0.0008041331311687827, 0.5641331076622009]",SPD,SPD
"[0.0011755170999094844, 0.6101604104042053, 0.36984121799468994, 0.006711436901241541, 0.0043245768174529076, 0.007786810863763094]",CDU/CSU,CDU/CSU
"[0.00034297193633392453, 0.07014163583517075, 0.007556655909866095, 0.9088396430015564, 0.0020984697621315718, 0.011020653881132603]",CDU/CSU,GRÜNE
"[0.0014109171461313963, 0.06967683881521225, 0.09241057187318802, 0.0817277580499649, 0.0034286282025277615, 0.7513452768325806]",SPD,SPD
"[0.9988293051719666, 0.0002956981770694256, 0.0004117407079320401, 4.378025550977327e-05, 0.000367822649423033, 5.168660209164955e-05]",AfD,AfD
"[0.00010055402526631951, 0.0044196671806275845, 0.992586076259613, 0.0006522929761558771, 0.00017828738782554865, 0.0020631535444408655]",FDP,FDP
"[0.00031140935607254505, 0.014040512032806873, 0.0025013964623212814, 0.0005551472422666848, 0.00019640343089122325, 0.9823952317237854]",SPD,SPD
"[0.00028818921418860555, 0.021904917433857918, 0.04596267640590668, 0.9137500524520874, 0.0013282897416502237, 0.016765866428613663]",GRÜNE,GRÜNE
"[0.999417781829834, 0.00019174080807715654, 0.0001135608326876536, 8.87332862475887e-05, 0.00012240750947967172, 6.574817234650254e-05]",AfD,AfD
"[0.0001334398111794144, 0.0014282563934102654, 0.0004269235651008785, 0.0034684736747294664, 0.00012938049621880054, 0.9944134950637817]",SPD,SPD
"[0.9979665279388428, 0.0004310470540076494, 0.00016737004625611007, 0.00013430659600999206, 0.0012419379781931639, 5.873621194041334e-05]",AfD,AfD
"[0.0001936523476615548, 0.2947193384170532, 0.004335377831012011, 0.008281744085252285, 0.00040261741378344595, 0.6920672059059143]",SPD,SPD
"[0.0016212841728702188, 0.7505576610565186, 0.21169264614582062, 0.005278037395328283, 0.0034282959531992674, 0.0274221058934927]",CDU/CSU,CDU/CSU
"[0.0010209023021161556, 0.9292654991149902, 0.042500704526901245, 0.002042696112766862, 0.002118333475664258, 0.023051811382174492]",CDU/CSU,CDU/CSU
"[0.00027146461070515215, 0.9845693707466125, 0.0006251352024264634, 0.000578944687731564, 0.00023937728838063776, 0.01371572446078062]",CDU/CSU,CDU/CSU
"[0.00033909984631463885, 0.03304578363895416, 0.026132596656680107, 0.05554395914077759, 0.347005158662796, 0.5379334688186646]",SPD,SPD
"[0.0005810933071188629, 0.045168787240982056, 0.8981888890266418, 0.00028999114874750376, 0.00031382436282001436, 0.055457353591918945]",FDP,FDP
"[0.0005952543579041958, 0.07602456212043762, 0.6804035902023315, 0.2162880003452301, 0.022158082574605942, 0.004530577454715967]",FDP,FDP
"[0.001428322633728385, 0.575871467590332, 0.13156281411647797, 0.17654448747634888, 0.0015873056836426258, 0.11300557106733322]",GRÜNE,CDU/CSU
"[0.000534641498234123, 0.03037116304039955, 0.011662661097943783, 0.10154911130666733, 0.0005718661705031991, 0.8553105592727661]",SPD,SPD
"[0.9946223497390747, 0.0012454329989850521, 0.00020065723219886422, 0.0010529139544814825, 0.0023865278344601393, 0.0004921752260997891]",AfD,AfD
"[0.0007588795269839466, 0.5186249613761902, 0.4046545922756195, 0.06912656873464584, 0.0005210333038121462, 0.006313928868621588]",GRÜNE,CDU/CSU
"[0.012269962579011917, 0.973494291305542, 0.0025418223813176155, 0.0002553082595113665, 0.009719330817461014, 0.0017193019157275558]",CDU/CSU,CDU/CSU
"[0.0016875950386747718, 0.019496122375130653, 0.08346686512231827, 0.3071295917034149, 0.0021708921995013952, 0.5860489010810852]",SPD,SPD
"[0.00024028813641052693, 0.06545805186033249, 0.012546703219413757, 0.0021867211908102036, 0.0009908236097544432, 0.9185773730278015]",SPD,SPD
"[0.0015150057151913643, 0.9342176914215088, 0.02401101589202881, 0.00020993800717405975, 0.0006024324102327228, 0.039443857967853546]",CDU/CSU,CDU/CSU
"[0.0006759106181561947, 0.45081910490989685, 0.03702379763126373, 0.19612815976142883, 0.0014307276578620076, 0.31392231583595276]",CDU/CSU,CDU/CSU
"[0.0030202800408005714, 0.12587860226631165, 0.2397868037223816, 0.23722003400325775, 0.10752099752426147, 0.28657329082489014]",SPD,SPD
"[0.0005822741077281535, 0.9528164863586426, 0.0031612066086381674, 0.0013094199821352959, 0.0010148602304980159, 0.04111577570438385]",CDU/CSU,CDU/CSU
"[0.9994775652885437, 0.00022510129201691598, 0.00012431273353286088, 4.213038118905388e-05, 8.772156434133649e-05, 4.321379674365744e-05]",AfD,AfD
"[0.7182750701904297, 0.0196843221783638, 0.2480052411556244, 0.0009141760529018939, 0.009626020677387714, 0.0034952007699757814]",AfD,AfD
"[0.00032161211129277945, 0.5989879965782166, 0.0651094987988472, 0.00952591747045517, 0.00030147103825584054, 0.32575350999832153]",CDU/CSU,CDU/CSU
"[0.00029068943695165217, 0.9242228269577026, 0.056986838579177856, 0.014030157588422298, 0.0011296659940853715, 0.003339784685522318]",CDU/CSU,CDU/CSU
"[0.9977777600288391, 0.0010421582264825702, 0.0008642819593660533, 0.00011159861605847254, 7.266495958901942e-05, 0.0001314621331403032]",AfD,AfD
"[0.00048459265963174403, 0.04755425080657005, 0.0067559522576630116, 0.0018409659387543797, 0.0002498314424883574, 0.9431144595146179]",SPD,SPD
"[0.00030281892395578325, 0.015105842612683773, 0.9837108850479126, 0.00017160858260467649, 9.003817103803158e-05, 0.0006187824183143675]",FDP,FDP
"[0.7926591038703918, 0.0312880240380764, 0.15100504457950592, 0.006313742604106665, 0.015951046720147133, 0.0027830908074975014]",AfD,AfD
"[0.0008942761924117804, 0.9895973205566406, 0.002145024249330163, 0.0029110033065080643, 0.001458935672417283, 0.0029934493359178305]",CDU/CSU,CDU/CSU
"[0.00010478126932866871, 0.12843945622444153, 0.040342189371585846, 0.5033684372901917, 0.008180360309779644, 0.3195647597312927]",GRÜNE,GRÜNE
"[0.00035384765942581, 0.36309337615966797, 0.39425209164619446, 0.013145502656698227, 0.0002243412600364536, 0.22893084585666656]",FDP,FDP
"[0.00026428731507621706, 0.027053100988268852, 0.000872021249961108, 0.01708780787885189, 0.0002015460777329281, 0.9545212388038635]",SPD,SPD
"[0.0001553146430524066, 0.9647550582885742, 0.0012165728257969022, 0.0005097551620565355, 0.00014264964556787163, 0.03322070464491844]",CDU/CSU,CDU/CSU
"[0.00020465442503336817, 0.7718691825866699, 0.004274314269423485, 0.009875665418803692, 0.0012319381348788738, 0.21254423260688782]",CDU/CSU,CDU/CSU
"[0.0002556392573751509, 0.00023708739900030196, 4.545298725133762e-05, 0.0004579945234581828, 0.9989075064659119, 9.63033817242831e-05]",LINKE,LINKE
"[0.00015166174853220582, 0.0006957564619369805, 0.9985384941101074, 0.00015857677499298006, 0.00010559378279140219, 0.0003498610749375075]",FDP,FDP
"[0.000538985594175756, 0.0696934163570404, 0.06276068836450577, 0.1814640760421753, 0.0013484356459230185, 0.6841943860054016]",SPD,SPD
"[0.9955499768257141, 0.001041559618897736, 0.003093157894909382, 6.738775118719786e-05, 0.00018546197679825127, 6.248381396289915e-05]",AfD,AfD
"[0.00042257574386894703, 0.0005626312340609729, 0.00023014562611933798, 0.0008048913441598415, 0.9978457093238831, 0.00013404768833424896]",LINKE,LINKE
"[0.0011204712791368365, 0.0023193974047899246, 0.015790918841958046, 0.00192819454241544, 0.0009575997246429324, 0.9778833389282227]",SPD,SPD
"[0.0002871492179110646, 0.005463853944092989, 0.04652867466211319, 0.8727148175239563, 0.00041567572043277323, 0.07458985596895218]",GRÜNE,GRÜNE
"[0.0005654320702888072, 0.031171320006251335, 0.9672277569770813, 0.0004353016847744584, 0.0002836789353750646, 0.0003164051449857652]",FDP,FDP
"[0.008403930813074112, 0.17817772924900055, 0.026125231757760048, 0.03986500948667526, 0.7041935920715332, 0.043234486132860184]",LINKE,LINKE
"[0.00023113250790629536, 0.37308359146118164, 0.34934839606285095, 0.016147533431649208, 0.00012160491314716637, 0.26106777787208557]",FDP,CDU/CSU
"[0.0002935126540251076, 0.00043440453009679914, 0.9981944561004639, 0.0002599594590719789, 0.00015059135330375284, 0.0006671220762655139]",FDP,FDP
"[0.00020633466192521155, 0.008575067855417728, 0.0025210571475327015, 0.06280118972063065, 0.00017170494538731873, 0.9257246255874634]",SPD,SPD
"[0.0007196617661975324, 0.01182154193520546, 0.004972701892256737, 0.5282588601112366, 0.002862111199647188, 0.4513651430606842]",SPD,GRÜNE
"[5.715513543691486e-05, 0.0001358224544674158, 5.977226101094857e-05, 0.0012050688965246081, 0.9984439611434937, 9.817979298532009e-05]",LINKE,LINKE
"[0.00040140064083971083, 0.05973253771662712, 0.2594142556190491, 0.5836365818977356, 0.0020558605901896954, 0.09475933760404587]",SPD,GRÜNE
"[0.999403715133667, 0.0001114970218623057, 0.0001781666069291532, 7.689387712161988e-05, 0.00017974541697185487, 4.9951457185670733e-05]",AfD,AfD
"[0.999436616897583, 0.00026517227524891496, 7.317213749047369e-05, 3.729798481799662e-05, 0.00013751999358646572, 5.029531894251704e-05]",AfD,AfD
"[0.9969587326049805, 0.001900506322272122, 0.0006518664304167032, 0.00015398171672131866, 0.00011640135198831558, 0.00021855131490156054]",AfD,AfD
"[0.00027700894861482084, 0.015481504611670971, 0.0006750770844519138, 0.0005387202836573124, 0.0002141824079444632, 0.9828135371208191]",SPD,SPD
"[0.00023143428552430123, 0.3565821349620819, 0.017065439373254776, 0.0011064420687034726, 0.0004869282420258969, 0.624527633190155]",SPD,SPD
"[0.24955618381500244, 0.015383251942694187, 0.11349598318338394, 0.08288419246673584, 0.5372995734214783, 0.0013808110961690545]",AfD,LINKE
"[0.00037224162952043116, 0.9246293902397156, 0.006411133799701929, 0.00047395905130542815, 0.00016328382480423898, 0.06794999539852142]",CDU/CSU,CDU/CSU
"[0.00035035572363995016, 0.9967709183692932, 0.0011799250496551394, 0.00032099438249133527, 0.000872730917762965, 0.000505062926094979]",CDU/CSU,CDU/CSU
"[0.002262612571939826, 0.2828691303730011, 0.05880149081349373, 0.0010720393620431423, 0.052881814539432526, 0.602112889289856]",FDP,SPD
"[0.13267216086387634, 0.7829972505569458, 0.08205392956733704, 0.000303932698443532, 0.0005240318132564425, 0.001448669470846653]",CDU/CSU,CDU/CSU
"[0.9991653561592102, 0.00020061060786247253, 0.0002902258129324764, 7.848079985706136e-05, 0.00017736363224685192, 8.797144255368039e-05]",AfD,AfD
"[0.0003173741861246526, 0.0020365321543067694, 0.0002624764747451991, 0.9905433654785156, 0.0012329330202192068, 0.005607319064438343]",GRÜNE,GRÜNE
"[0.013713974505662918, 0.9633797407150269, 0.011607840657234192, 0.00016110071737784892, 0.000850222771987319, 0.010287100449204445]",CDU/CSU,CDU/CSU
"[0.0005337299080565572, 0.0010675470111891627, 0.0008694204734638333, 0.23449599742889404, 0.7624865770339966, 0.000546746130567044]",LINKE,LINKE
"[0.00010273101361235604, 0.0006424811435863376, 0.0003463175380602479, 0.9908782243728638, 0.005170824937522411, 0.00285939103923738]",GRÜNE,GRÜNE
"[0.9949846863746643, 0.0038083370309323072, 0.0005351588479243219, 0.0002941804414149374, 0.00016609525482635945, 0.00021146041399333626]",AfD,AfD
"[0.0012268411228433251, 0.010901561938226223, 0.2781539261341095, 0.06542176008224487, 0.000273220386588946, 0.6440226435661316]",SPD,SPD
"[0.00022174627520143986, 0.4093395471572876, 0.054778993129730225, 0.28434374928474426, 0.0019339816644787788, 0.2493818998336792]",GRÜNE,CDU/CSU
"[0.0003263994585722685, 0.9951714277267456, 0.002618255792185664, 0.0005776952020823956, 0.0005964399315416813, 0.00070983573095873]",CDU/CSU,CDU/CSU
"[0.00046287011355161667, 0.01625882275402546, 0.12326041609048843, 0.8067830204963684, 0.00044822561903856695, 0.05278657004237175]",GRÜNE,GRÜNE
"[0.0009943069890141487, 0.9301883578300476, 0.03625325858592987, 0.0014438017969951034, 0.0004045506939291954, 0.030715694651007652]",CDU/CSU,CDU/CSU
"[0.0006580314366146922, 0.4801134169101715, 0.0333000048995018, 0.23146399855613708, 0.019420171156525612, 0.2350444495677948]",LINKE,CDU/CSU
"[0.04064672067761421, 0.2559950053691864, 0.2705877423286438, 0.05857722461223602, 0.36357617378234863, 0.01061717513948679]",FDP,LINKE
"[0.0021937747951596975, 0.5048579573631287, 0.037935126572847366, 0.10465666651725769, 0.01608617976307869, 0.3342703580856323]",SPD,CDU/CSU
"[0.0001817863085307181, 0.0004812730476260185, 0.9985353946685791, 0.000371887581422925, 0.00013845253852196038, 0.0002912597847171128]",FDP,FDP
"[0.9731410145759583, 0.003124164417386055, 0.023126088082790375, 0.00023184595920611173, 0.00022534393065143377, 0.00015149914543144405]",AfD,AfD
"[0.0002523432485759258, 0.030069220811128616, 0.008456121198832989, 0.13016220927238464, 0.00734516978263855, 0.8237149715423584]",SPD,SPD
"[0.5032997131347656, 0.013155613094568253, 0.47612857818603516, 0.0028388979844748974, 0.0002575982944108546, 0.004319632891565561]",AfD,AfD
"[0.0001757776626618579, 0.06641529500484467, 0.005074417218565941, 0.0323336087167263, 0.0007537870551459491, 0.8952471613883972]",SPD,SPD
"[0.00024487031623721123, 0.8491889238357544, 0.00645864475518465, 0.0018938761204481125, 0.00011842524691019207, 0.14209526777267456]",CDU/CSU,CDU/CSU
"[0.0008770024869590998, 0.15504184365272522, 0.3247498571872711, 0.2927963435649872, 0.0017932401970028877, 0.22474168241024017]",CDU/CSU,FDP
"[0.9991335868835449, 0.0002768168633338064, 0.0002346160908928141, 6.025653055985458e-05, 0.00019513507140800357, 9.95902155409567e-05]",AfD,AfD
"[0.00013066775863990188, 0.011613846756517887, 0.0012709829024970531, 0.03947954997420311, 0.0002546950418036431, 0.9472503066062927]",GRÜNE,SPD
"[0.394265741109848, 0.2859175205230713, 0.26712095737457275, 0.023848414421081543, 0.009775598533451557, 0.01907174475491047]",AfD,AfD
"[0.0035583169665187597, 0.0065934667363762856, 0.003186218673363328, 0.2297852337360382, 0.7539010047912598, 0.0029757036827504635]",LINKE,LINKE
"[0.0013048186665400863, 0.08005194365978241, 0.021796897053718567, 0.04797789081931114, 0.005510731600224972, 0.8433577418327332]",SPD,SPD
"[0.0004024129593744874, 0.12659625709056854, 0.6158740520477295, 0.08026100695133209, 0.0004365560307633132, 0.1764296293258667]",FDP,FDP
"[0.0005276057636365294, 0.992268443107605, 0.0003026797203347087, 0.0026269841473549604, 0.001152294804342091, 0.003122094087302685]",CDU/CSU,CDU/CSU
"[0.0010353261604905128, 0.9958614706993103, 0.0007510387222282588, 0.0004364752967376262, 0.0011957387905567884, 0.0007199191604740918]",CDU/CSU,CDU/CSU
"[0.0012420288985595107, 0.8462233543395996, 0.14790812134742737, 0.0005644844495691359, 0.0003350790648255497, 0.0037269294261932373]",CDU/CSU,CDU/CSU
"[0.0002599224098958075, 0.19915679097175598, 0.737695574760437, 0.025943689048290253, 0.0008180983131751418, 0.03612593188881874]",CDU/CSU,FDP
"[0.002948952140286565, 0.06590711325407028, 0.0017148887272924185, 0.0016572875902056694, 0.5650749206542969, 0.36269688606262207]",LINKE,LINKE
"[0.09513344615697861, 0.459654837846756, 0.4351924657821655, 0.0023241781163960695, 0.0018748390721157193, 0.005820203572511673]",AfD,CDU/CSU
"[0.00028008996741846204, 0.05769847705960274, 0.0025590930599719286, 0.03240878880023956, 0.0002815805491991341, 0.9067719578742981]",SPD,SPD
"[0.0003198544727638364, 0.015438821166753769, 0.014280983246862888, 0.15625332295894623, 0.0014139700215309858, 0.8122931718826294]",SPD,SPD
"[0.00984206423163414, 0.9552793502807617, 0.0031396124977618456, 0.0011503557907417417, 0.029280729591846466, 0.0013078823685646057]",CDU/CSU,CDU/CSU
"[0.9994410276412964, 0.00019303620501887053, 0.00011446647113189101, 4.0810584323480725e-05, 0.00015975479618646204, 5.0907779950648546e-05]",AfD,AfD
"[0.0015718505019322038, 0.6645122170448303, 0.28704819083213806, 0.01360876765102148, 0.0018617726163938642, 0.03139718249440193]",CDU/CSU,CDU/CSU
"[0.0006849944475106895, 0.005378891248255968, 0.9598470330238342, 0.012996137142181396, 9.309149027103558e-05, 0.020999809727072716]",FDP,FDP
"[0.0005491988267749548, 0.0006799304974265397, 0.024509457871317863, 0.13282188773155212, 0.8392594456672668, 0.0021801001857966185]",LINKE,LINKE
"[8.433749462710693e-05, 0.003315022448077798, 0.0017599654383957386, 0.05549246817827225, 0.0001612651685718447, 0.9391869306564331]",SPD,SPD
"[0.001539311371743679, 0.3501376211643219, 0.22251951694488525, 0.2406042218208313, 0.006413991097360849, 0.1787853091955185]",SPD,CDU/CSU
"[0.0005691099213436246, 0.9405591487884521, 0.0022094943560659885, 0.0001801307371351868, 0.00021727914281655103, 0.05626475065946579]",SPD,CDU/CSU
"[0.00015204536612145603, 0.243668332695961, 0.07765226066112518, 0.48036110401153564, 0.03727499768137932, 0.16089121997356415]",GRÜNE,GRÜNE
"[0.0007351422682404518, 0.37452295422554016, 0.13133300840854645, 0.23578225076198578, 0.0004997520009055734, 0.25712689757347107]",CDU/CSU,CDU/CSU
"[0.0001749905350152403, 0.05056797340512276, 0.025680504739284515, 0.071221724152565, 0.00028519672923721373, 0.852069616317749]",SPD,SPD
"[0.0004989439039491117, 0.03695003315806389, 0.008601217530667782, 0.8919073939323425, 0.056562390178442, 0.00548000680282712]",GRÜNE,GRÜNE
"[0.00032808809191919863, 0.004255749750882387, 0.017895517870783806, 0.9723029732704163, 0.0033805768471211195, 0.001837090589106083]",LINKE,GRÜNE
"[0.0005845766863785684, 0.8660769462585449, 0.011796800419688225, 0.0003720122331287712, 0.0005752875586040318, 0.12059439718723297]",CDU/CSU,CDU/CSU
"[0.00020225407206453383, 0.008814431726932526, 0.11766548454761505, 0.17817246913909912, 0.00083785445895046, 0.6943075656890869]",SPD,SPD
"[0.00026434619212523103, 0.6319442987442017, 0.29676538705825806, 0.0430043488740921, 0.001491784700192511, 0.026529811322689056]",CDU/CSU,CDU/CSU
"[0.0013920835917815566, 0.5439793467521667, 0.07194764912128448, 0.19331836700439453, 0.0008948221802711487, 0.18846775591373444]",CDU/CSU,CDU/CSU
"[0.00023336471349466592, 0.8057093620300293, 0.0946228951215744, 0.004534703679382801, 0.00013427298108581454, 0.09476540237665176]",CDU/CSU,CDU/CSU
"[0.00026269344380125403, 0.98604416847229, 0.008975354954600334, 0.0030810441821813583, 0.00024677763576619327, 0.0013899224577471614]",CDU/CSU,CDU/CSU
"[0.0005609179497696459, 0.000802583119366318, 0.0006043588509783149, 0.740077018737793, 0.0004613323835656047, 0.2574937343597412]",GRÜNE,GRÜNE
"[0.6171054244041443, 0.23220790922641754, 0.008805121295154095, 0.0011825152905657887, 0.1399880051612854, 0.0007110778242349625]",AfD,AfD
"[0.0017476407811045647, 0.9583803415298462, 0.024349525570869446, 0.0005419896915555, 0.0006031388766132295, 0.014377428218722343]",CDU/CSU,CDU/CSU
"[0.00016718922415748239, 0.761201024055481, 0.01625075377523899, 0.0453069731593132, 0.0008280419860966504, 0.17624598741531372]",CDU/CSU,CDU/CSU
"[0.00013208173913881183, 0.0014355978928506374, 0.001474614953622222, 0.995856761932373, 0.00048357105697505176, 0.0006173331057652831]",GRÜNE,GRÜNE
"[0.00029374141013249755, 0.9005499482154846, 0.02530689537525177, 0.006449140142649412, 0.0002145413018297404, 0.06718568503856659]",CDU/CSU,CDU/CSU
"[0.00016237201634794474, 0.7153670191764832, 0.01431033294647932, 0.016133315861225128, 0.0008482806733809412, 0.2531786859035492]",CDU/CSU,CDU/CSU
"[0.9500032663345337, 0.01572515442967415, 0.01696109212934971, 0.0043615298345685005, 0.010964571498334408, 0.001984411384910345]",AfD,AfD
"[0.01779278554022312, 0.5155160427093506, 0.2483045756816864, 0.017808619886636734, 0.014442217536270618, 0.18613573908805847]",CDU/CSU,CDU/CSU
"[0.0006677087512798607, 0.5219886898994446, 0.3646605312824249, 0.014908176846802235, 0.00018908968195319176, 0.0975857749581337]",GRÜNE,CDU/CSU
"[0.0004724319151137024, 0.11425349116325378, 0.07348000258207321, 0.04866227135062218, 0.00043778226245194674, 0.7626941204071045]",FDP,SPD
"[0.9957033395767212, 0.001010267878882587, 0.0016521764919161797, 0.00027024364680983126, 0.0011945826699957252, 0.00016940046043600887]",AfD,AfD
"[0.0005447451840154827, 0.0005429405136965215, 0.004713320638984442, 0.4126456081867218, 0.000523118011187762, 0.5810303092002869]",SPD,SPD
"[0.0005491171032190323, 0.22419191896915436, 0.6023625135421753, 0.030952630564570427, 0.00030429012258537114, 0.14163954555988312]",FDP,FDP
"[0.0005955081433057785, 0.0005087751778773963, 0.0019304959569126368, 0.824698805809021, 0.00040956606972031295, 0.1718568503856659]",GRÜNE,GRÜNE
"[0.0005613563698716462, 0.8648340106010437, 0.08262190967798233, 0.04169856011867523, 0.009026036597788334, 0.0012582046911120415]",LINKE,CDU/CSU
"[0.9993070960044861, 0.00029618950793519616, 0.00023020889784675092, 5.199290535529144e-05, 7.32294938643463e-05, 4.128292130189948e-05]",AfD,AfD
"[0.0014142883010208607, 0.010965242050588131, 0.22505059838294983, 0.1792328655719757, 0.0011751141864806414, 0.5821619033813477]",SPD,SPD
"[0.0015479698777198792, 0.01328722108155489, 0.10445427894592285, 0.19538520276546478, 0.04091682285070419, 0.6444084644317627]",SPD,SPD
"[0.00033654444268904626, 0.003305065678432584, 0.012858492322266102, 0.06863705068826675, 0.0006634385208599269, 0.9141994118690491]",SPD,SPD
"[0.9990837574005127, 0.0005702672060579062, 0.00011303829523967579, 6.557234155479819e-05, 7.824815111234784e-05, 8.906735456548631e-05]",AfD,AfD
"[0.5601968765258789, 0.01518799364566803, 0.04162294417619705, 0.08817996084690094, 0.19094306230545044, 0.10386921465396881]",LINKE,AfD
"[0.0002600325969979167, 0.02705354057252407, 0.22403188049793243, 0.6767627596855164, 0.061587002128362656, 0.010304792784154415]",GRÜNE,GRÜNE
"[0.00033746089320629835, 0.5661956667900085, 0.16432511806488037, 0.14726199209690094, 0.005461896304041147, 0.11641789227724075]",CDU/CSU,CDU/CSU
"[0.00028998963534832, 0.000546419876627624, 0.0005286807427182794, 0.00267272861674428, 0.0001331074454355985, 0.9958291053771973]",SPD,SPD
"[0.0004735373076982796, 0.5309182405471802, 0.1138792335987091, 0.14308826625347137, 0.0029953443445265293, 0.20864546298980713]",CDU/CSU,CDU/CSU
"[0.0009854936506599188, 0.8900219202041626, 0.011933105066418648, 0.010827316902577877, 0.003800190519541502, 0.08243197947740555]",CDU/CSU,CDU/CSU
"[0.9988934397697449, 0.0006652100128121674, 0.0001436994061805308, 4.1696574044181034e-05, 0.00020205581677146256, 5.385408803704195e-05]",AfD,AfD
"[0.0009021430159918964, 0.27387458086013794, 0.5949947834014893, 0.10392722487449646, 0.019361047074198723, 0.0069402060471475124]",FDP,FDP
"[0.007848890498280525, 0.42886751890182495, 0.025554832071065903, 0.10950526595115662, 0.14625151455402374, 0.28197193145751953]",CDU/CSU,CDU/CSU
"[0.00018222762446384877, 0.2760297358036041, 0.3361889123916626, 0.006142346188426018, 0.0002847459982149303, 0.3811720609664917]",FDP,SPD
"[0.00016883733042050153, 0.9098313450813293, 0.02798694185912609, 0.0025361860170960426, 0.0003812098002526909, 0.05909544229507446]",CDU/CSU,CDU/CSU
"[0.0001787701330613345, 0.9985653162002563, 0.0005514503573067486, 6.383171421475708e-05, 0.00015761218674015254, 0.00048292818246409297]",CDU/CSU,CDU/CSU
"[0.9978367686271667, 0.0011333900038152933, 0.0007386681973002851, 6.0960122937103733e-05, 0.00010512412700336426, 0.00012508204963523895]",AfD,AfD
"[0.0007840156904421747, 0.6937578320503235, 0.008586619980633259, 0.29458972811698914, 0.0007729533244855702, 0.0015087894862517715]",CDU/CSU,CDU/CSU
"[0.0002881581021938473, 0.0002690149995032698, 0.0016842893091961741, 0.8770728707313538, 0.0003518465964589268, 0.12033376842737198]",GRÜNE,GRÜNE
"[0.0003024164470843971, 0.0007339182193391025, 0.006589421536773443, 0.6466178297996521, 0.0007115256739780307, 0.34504491090774536]",SPD,GRÜNE
"[0.00010329260112484917, 0.00017951108748093247, 7.412707054754719e-05, 0.0006420222343876958, 0.9988663792610168, 0.00013465371739584953]",LINKE,LINKE
"[0.0003616275789681822, 0.005587203428149223, 0.04371947795152664, 0.2560034990310669, 0.00014939701941329986, 0.6941788196563721]",FDP,SPD
"[0.0004237426328472793, 0.0009285879204981029, 0.0043174088932573795, 0.009406855329871178, 0.0013113960158079863, 0.9836120009422302]",SPD,SPD
"[0.0028169036377221346, 0.007172172423452139, 0.0026307760272175074, 0.3472661077976227, 0.5549296736717224, 0.08518436551094055]",LINKE,LINKE
"[0.0010871475096791983, 0.6001791954040527, 0.2743264436721802, 0.0054484037682414055, 0.0008310203556902707, 0.11812788248062134]",FDP,CDU/CSU
"[0.8125855922698975, 0.01098086778074503, 0.16926001012325287, 0.0034438432194292545, 0.0033913853112608194, 0.0003382648283150047]",AfD,AfD
"[0.00027408351888880134, 0.5508955121040344, 0.04189249873161316, 0.004650029819458723, 0.00013903480430599302, 0.4021488130092621]",CDU/CSU,CDU/CSU
"[0.000911288894712925, 0.5567659735679626, 0.03361392393708229, 0.0035276052076369524, 0.0008439417579211295, 0.4043372869491577]",SPD,CDU/CSU
"[0.0010031677084043622, 0.0003168962139170617, 0.004484923090785742, 0.8451303243637085, 0.006443203892558813, 0.1426214575767517]",GRÜNE,GRÜNE
"[0.00030931123183108866, 0.00043926085345447063, 0.001419353298842907, 0.7290325164794922, 0.0002132229128619656, 0.26858627796173096]",GRÜNE,GRÜNE
"[0.7135747075080872, 0.030914882197976112, 0.24864836037158966, 0.00039333864697255194, 0.005654029548168182, 0.0008147214539349079]",AfD,AfD
"[0.9986685514450073, 0.0006950019160285592, 0.0003228115674573928, 6.83290054439567e-05, 0.00010297546396031976, 0.00014227087376639247]",AfD,AfD
"[0.007874013856053352, 0.27570945024490356, 0.38526421785354614, 0.022082429379224777, 0.0020633754320442677, 0.3070065379142761]",CDU/CSU,FDP
"[0.20286984741687775, 0.05601121112704277, 0.05393768101930618, 0.4036201238632202, 0.25485366582870483, 0.028707453981041908]",LINKE,GRÜNE
"[0.00014048536831978709, 0.0697285607457161, 0.5788350105285645, 0.12512803077697754, 0.00043634953908622265, 0.2257315218448639]",FDP,FDP
"[0.0004903716035187244, 0.8599036931991577, 0.036711692810058594, 0.004260003566741943, 0.0006838721456006169, 0.09795039892196655]",CDU/CSU,CDU/CSU
"[0.00022675367654301226, 0.006023042369633913, 0.07933641970157623, 0.7144166231155396, 0.001932591199874878, 0.19806456565856934]",GRÜNE,GRÜNE
"[0.0010420918697491288, 0.25662627816200256, 0.2832696735858917, 0.0361139178276062, 0.03290320932865143, 0.39004483819007874]",SPD,SPD
"[0.0013841697946190834, 0.04996698349714279, 0.01551224198192358, 0.057183511555194855, 0.001700908993370831, 0.874252200126648]",SPD,SPD
"[0.00038854312151670456, 0.05222369730472565, 0.08443929255008698, 0.046872448176145554, 0.00021518526773434132, 0.8158608078956604]",SPD,SPD
"[0.20949378609657288, 0.5337596535682678, 0.23054945468902588, 0.0011213732650503516, 0.0005948354373686016, 0.02448091097176075]",CDU/CSU,CDU/CSU
"[0.00022418011212721467, 0.5552375912666321, 0.016220567747950554, 0.06413986533880234, 0.0006346172303892672, 0.3635430932044983]",CDU/CSU,CDU/CSU
"[0.0002445189165882766, 0.027702175080776215, 0.0853729099035263, 0.0022626970894634724, 0.00019109874847345054, 0.8842266201972961]",SPD,SPD
"[0.032378531992435455, 0.7276600003242493, 0.0009335626964457333, 0.22796641290187836, 0.005700177047401667, 0.005361251533031464]",CDU/CSU,CDU/CSU
"[0.3363875448703766, 0.5345929861068726, 0.0049451058730483055, 0.0008263036725111306, 0.0014203682076185942, 0.12182767689228058]",CDU/CSU,CDU/CSU
"[0.0021379461977630854, 0.0009113664273172617, 0.7689514756202698, 0.0031029258389025927, 0.0025449413806200027, 0.2223513126373291]",FDP,FDP
"[0.0014297791058197618, 0.8548765778541565, 0.10296327620744705, 0.01774480752646923, 0.0009708840516395867, 0.022014684975147247]",CDU/CSU,CDU/CSU
"[0.0005890470347367227, 0.0005718620959669352, 0.000976305513177067, 0.059372738003730774, 0.9239184856414795, 0.014571629464626312]",LINKE,LINKE
"[0.00022842769976705313, 0.16280953586101532, 0.0070472173392772675, 0.1507747620344162, 0.00040352848009206355, 0.6787365078926086]",SPD,SPD
"[0.0002807176497299224, 0.0005223194602876902, 0.014145906083285809, 0.02496824972331524, 0.0031603483948856592, 0.9569224715232849]",SPD,SPD
"[0.00048646345385350287, 0.8684855699539185, 0.0014400037471204996, 0.003700404427945614, 0.00020713840785901994, 0.12568041682243347]",CDU/CSU,CDU/CSU
"[0.000277568178717047, 0.8173415064811707, 0.041149139404296875, 0.014894761145114899, 0.0003197311598341912, 0.12601737678050995]",CDU/CSU,CDU/CSU
"[0.0001596865913597867, 0.00034601069637574255, 7.292205555131659e-05, 0.0026498609222471714, 0.996098518371582, 0.0006730102468281984]",LINKE,LINKE
"[0.00040369259659200907, 0.007083900738507509, 0.19331802427768707, 0.08588195592164993, 0.0002770738210529089, 0.7130354046821594]",SPD,SPD
"[0.9992467164993286, 0.0003305475111119449, 0.0002000421518459916, 4.87793586216867e-05, 0.0001003974030027166, 7.34526984160766e-05]",AfD,AfD
"[0.0002859456872101873, 0.006458154879510403, 0.9711713790893555, 0.017576726153492928, 0.0002670794492587447, 0.004240683279931545]",FDP,FDP
"[0.0004312164383009076, 0.7261143922805786, 0.11506622284650803, 0.012162823230028152, 0.0011643378529697657, 0.14506098628044128]",CDU/CSU,CDU/CSU
"[0.0007138386717997491, 0.5583451390266418, 0.18471716344356537, 0.024298235774040222, 0.0005865187849849463, 0.23133914172649384]",CDU/CSU,CDU/CSU
"[0.9599215388298035, 0.01872231625020504, 0.019849253818392754, 0.000221917376620695, 0.00038449588464573026, 0.0009005304309539497]",AfD,AfD
"[0.002255622297525406, 0.9940996170043945, 0.00119741668459028, 0.00032957084476947784, 0.0015482254093512893, 0.0005695343133993447]",CDU/CSU,CDU/CSU
"[0.00017191476945299655, 0.001663000788539648, 0.001205187407322228, 0.026506930589675903, 0.9659130573272705, 0.004539851564913988]",LINKE,LINKE
"[0.00025078121689148247, 0.00019622415129560977, 5.6596716603962705e-05, 0.00041524224798195064, 0.9989134669303894, 0.00016764074098318815]",LINKE,LINKE
"[0.00012886011973023415, 0.002179195173084736, 0.004951033275574446, 0.4443235993385315, 0.0001335916604148224, 0.5482838153839111]",SPD,SPD
"[0.001791172195225954, 0.07115776091814041, 0.4979966878890991, 0.19215011596679688, 0.02078723907470703, 0.21611705422401428]",FDP,FDP
"[0.9947388172149658, 0.002494709100574255, 0.0012474472168833017, 0.000648665998596698, 0.0001047538680722937, 0.0007655448862351477]",AfD,AfD
"[0.0012512719258666039, 0.6853553652763367, 0.00804596021771431, 0.0004272510122973472, 0.00017304996435996145, 0.304747074842453]",CDU/CSU,CDU/CSU
"[0.00021844980074092746, 0.0656571313738823, 0.17298755049705505, 0.02382996678352356, 0.0001444067747797817, 0.7371624708175659]",SPD,SPD
"[0.0006980473408475518, 0.0038892829325050116, 0.08022220432758331, 0.010637103579938412, 0.00031022742041386664, 0.9042431116104126]",SPD,SPD
"[0.0011470289900898933, 0.007567457854747772, 0.6048679947853088, 0.06302586942911148, 0.000504478404764086, 0.3228871524333954]",FDP,FDP
"[0.00033364281989634037, 0.022554239258170128, 0.18168534338474274, 0.2394466996192932, 0.0007085893303155899, 0.5552715063095093]",SPD,SPD
"[0.0005398394423536956, 0.25696972012519836, 0.011014353483915329, 0.46754705905914307, 0.0032664116006344557, 0.2606625258922577]",GRÜNE,GRÜNE
"[0.04432325437664986, 0.5482973456382751, 0.3108786344528198, 0.005754693411290646, 0.08972569555044174, 0.001020388794131577]",CDU/CSU,CDU/CSU
"[0.020032135769724846, 0.2801937460899353, 0.2782006561756134, 0.007266557309776545, 0.40697476267814636, 0.007332146167755127]",FDP,LINKE
"[0.00022402901959139854, 0.28376445174217224, 0.027662359178066254, 0.015359070152044296, 0.0002786502009257674, 0.6727114915847778]",SPD,SPD
"[0.0005048040766268969, 0.9782371520996094, 0.013991447165608406, 0.001643691910430789, 0.00043259322410449386, 0.005190334748476744]",CDU/CSU,CDU/CSU
"[0.0006603720248676836, 0.014633361250162125, 0.3643535375595093, 0.008487803861498833, 0.0003460392472334206, 0.6115188598632812]",FDP,SPD
"[0.00034619480720721185, 0.04990861937403679, 0.031467605382204056, 0.11432567238807678, 0.012696129269897938, 0.7912558317184448]",SPD,SPD
"[0.0010662830900400877, 0.0814414769411087, 0.0012552677653729916, 0.9108659029006958, 0.0025503248907625675, 0.0028207579161971807]",GRÜNE,GRÜNE
"[0.0005610361695289612, 0.32698652148246765, 0.5715292096138, 0.011783226393163204, 0.002270215190947056, 0.08686984330415726]",CDU/CSU,FDP
"[0.00016072178550530225, 0.004867314361035824, 0.7264084815979004, 0.038335803896188736, 0.00038559033419005573, 0.22984206676483154]",FDP,FDP
"[0.1751827597618103, 0.2669084072113037, 0.5199443101882935, 0.002047618618234992, 0.03490108996629715, 0.001015752786770463]",FDP,FDP
"[0.9986162185668945, 0.0009437045082449913, 0.00019757139671128243, 3.744234345504083e-05, 0.0001497630582889542, 5.531508941203356e-05]",AfD,AfD
"[0.07280237972736359, 0.009988361038267612, 0.8706098794937134, 0.006505900528281927, 0.03885430842638016, 0.0012392500648275018]",FDP,FDP
"[0.014230888336896896, 0.7979514002799988, 0.16398251056671143, 0.0058141653425991535, 0.0014261692995205522, 0.01659499667584896]",CDU/CSU,CDU/CSU
"[0.0009763023117557168, 0.569438099861145, 0.3141254782676697, 0.009440392255783081, 0.000946218497119844, 0.10507349669933319]",CDU/CSU,CDU/CSU
"[0.0007006816449575126, 0.03852395713329315, 0.1366797834634781, 0.673337459564209, 0.0003346928860992193, 0.15042342245578766]",GRÜNE,GRÜNE
"[0.00018278139759786427, 0.8042327165603638, 0.003295403905212879, 0.0005884242127649486, 0.00044178173993714154, 0.19125893712043762]",CDU/CSU,CDU/CSU
"[0.0004549337609205395, 0.6385728120803833, 0.03146122395992279, 0.006557272281497717, 0.0006210549036040902, 0.3223327100276947]",SPD,CDU/CSU
"[0.0017593151424080133, 0.5669749975204468, 0.34862157702445984, 0.03560171276330948, 0.02118314430117607, 0.025859259068965912]",CDU/CSU,CDU/CSU
"[0.00024074895191006362, 0.940982460975647, 0.024721913039684296, 0.0022173942998051643, 0.001378488726913929, 0.030458975583314896]",CDU/CSU,CDU/CSU
"[0.00016974886239040643, 0.3476466238498688, 0.0012044935720041394, 0.0031459173187613487, 0.00028841037419624627, 0.647544801235199]",SPD,SPD
"[0.0005289824330247939, 0.3917990028858185, 0.5487138628959656, 0.000799844681750983, 0.0015286531997844577, 0.05662967264652252]",FDP,FDP
"[0.0004889752017334104, 0.9860737919807434, 0.000700178265105933, 0.0010316083207726479, 0.0002090445050271228, 0.011496308259665966]",CDU/CSU,CDU/CSU
"[0.0002341840008739382, 0.15609832108020782, 0.00280367536470294, 0.012991922907531261, 0.0004394323914311826, 0.8274325132369995]",SPD,SPD
"[0.0006361918640322983, 0.01952199451625347, 0.00404881127178669, 0.6407063007354736, 0.12585651874542236, 0.2092301845550537]",SPD,GRÜNE
"[0.0003139430773444474, 0.008526952005922794, 0.019189707934856415, 0.34479665756225586, 0.0003807427128776908, 0.6267920136451721]",SPD,SPD
"[0.00019500200869515538, 0.003110903548076749, 0.9961449503898621, 0.00021339562954381108, 0.00010640476830303669, 0.00022936258756089956]",FDP,FDP
"[0.00033018997055478394, 0.9053754806518555, 0.06814073771238327, 0.0012820459669455886, 0.00034834942198358476, 0.02452322281897068]",CDU/CSU,CDU/CSU
"[0.00046591428690589964, 0.016440091654658318, 0.00038738976581953466, 0.0054812561720609665, 0.9762389063835144, 0.0009863405721262097]",LINKE,LINKE
"[0.9602887630462646, 0.037915997207164764, 0.0006676538614556193, 9.777133527677506e-05, 0.0008399002254009247, 0.00018985659698955715]",AfD,AfD
"[0.04748130962252617, 0.008145754225552082, 0.3813721835613251, 0.012708041816949844, 0.549945056438446, 0.0003476774727459997]",LINKE,LINKE
"[0.00041850600973702967, 0.0033939769491553307, 0.2332892268896103, 0.25952038168907166, 0.0003201145154889673, 0.5030577778816223]",SPD,SPD
"[0.00012219483323860914, 0.2251025289297104, 0.12480133771896362, 0.44064149260520935, 0.03467129170894623, 0.17466111481189728]",SPD,GRÜNE
"[0.000370288995327428, 0.7768633365631104, 0.08311603963375092, 0.0695469081401825, 0.00044906773837283254, 0.06965432316064835]",CDU/CSU,CDU/CSU
"[0.1698371022939682, 0.2737991213798523, 0.47203922271728516, 0.05192543938755989, 0.006529846228659153, 0.025869248434901237]",AfD,FDP
"[0.0005212101386860013, 0.2206920087337494, 0.004636653698980808, 0.44903141260147095, 0.19469988346099854, 0.1304187923669815]",GRÜNE,GRÜNE
"[0.0009235389879904687, 0.03819841518998146, 0.2549605667591095, 0.7012831568717957, 0.004012019839137793, 0.0006222403608262539]",GRÜNE,GRÜNE
"[0.006757847964763641, 0.11272305250167847, 0.47095438838005066, 0.06349564343690872, 0.0012045849580317736, 0.34486445784568787]",SPD,FDP
"[0.0003536971635185182, 0.00037021737080067396, 0.00019787515338975936, 0.0756259635090828, 0.9194502830505371, 0.004001939203590155]",LINKE,LINKE
"[0.0005166704650036991, 0.2693904638290405, 0.08889924734830856, 0.1217607632279396, 0.5114758610725403, 0.007956971414387226]",LINKE,LINKE
"[0.00038222791044972837, 0.016724875196814537, 0.5425669550895691, 0.11366239935159683, 0.0005922659183852375, 0.32607126235961914]",FDP,FDP
"[0.004241648595780134, 0.0014685282949358225, 0.9931145906448364, 0.00018789831665344536, 0.000266362854745239, 0.0007209819741547108]",FDP,FDP
"[0.0042845457792282104, 0.37338003516197205, 0.19712615013122559, 0.02780349925160408, 0.0022435649298131466, 0.3951621353626251]",SPD,SPD
"[0.00024215343000832945, 0.9982812404632568, 0.00020874929032288492, 0.0002067206660285592, 0.00018785404972732067, 0.0008731997804716229]",CDU/CSU,CDU/CSU
"[0.9991880655288696, 0.00032846888643689454, 0.0003037235583178699, 3.337478847242892e-05, 7.95436353655532e-05, 6.678300997009501e-05]",AfD,AfD
"[0.004447069484740496, 0.8395911455154419, 0.08991000056266785, 0.012268610298633575, 0.0005205521592870355, 0.0532626211643219]",CDU/CSU,CDU/CSU
"[0.0008219603332690895, 0.9776003360748291, 0.012695176526904106, 9.583355858922005e-05, 0.0014298176392912865, 0.007356886751949787]",CDU/CSU,CDU/CSU
"[0.002093138173222542, 0.0005531148053705692, 0.08158746361732483, 0.8813221454620361, 0.006590951234102249, 0.027853144332766533]",SPD,GRÜNE
"[9.318484080722556e-05, 0.0009672227897681296, 0.001613478409126401, 0.9305856227874756, 0.0015305971028283238, 0.06520988047122955]",GRÜNE,GRÜNE
"[0.8144877552986145, 0.017680993303656578, 0.09395817667245865, 0.006200773175805807, 0.06739534437656403, 0.00027690804563462734]",AfD,AfD
"[0.08299057930707932, 0.0012919377768412232, 0.16904474794864655, 0.6120030283927917, 0.13382183015346527, 0.0008478527306579053]",LINKE,GRÜNE
"[0.0001613819767953828, 0.04838277027010918, 0.0017520462861284614, 0.20852965116500854, 0.001872343011200428, 0.739301860332489]",SPD,SPD
"[0.9970049262046814, 0.0017163204029202461, 0.0006226087571121752, 0.00013786954514216632, 0.00021705216204281896, 0.0003012521774508059]",AfD,AfD
"[0.00022575586626771837, 0.9621022343635559, 0.0010428655659779906, 0.00028316129464656115, 0.0001889948471216485, 0.03615700826048851]",CDU/CSU,CDU/CSU
"[0.9993057250976562, 0.0002167003258364275, 0.00011696660658344626, 3.2680840376997367e-05, 0.0002853939076885581, 4.253316728863865e-05]",AfD,AfD
"[0.0008597983396612108, 0.002181227086111903, 0.0020386117976158857, 0.6884052753448486, 0.20376944541931152, 0.10274564474821091]",LINKE,GRÜNE
"[0.07926111668348312, 0.8936384320259094, 0.009979086928069592, 0.0033201705664396286, 0.008258448913693428, 0.00554276816546917]",CDU/CSU,CDU/CSU
"[0.000852486293297261, 0.024694163352251053, 0.007407634053379297, 0.30588656663894653, 0.6325610876083374, 0.028598127886652946]",LINKE,LINKE
"[0.00035863605444319546, 0.05487779155373573, 0.03032187558710575, 0.15356267988681793, 0.0002479476679582149, 0.7606310844421387]",SPD,SPD
"[0.0009277881472371519, 0.535708487033844, 0.45599907636642456, 0.0034950408153235912, 0.002693020971491933, 0.001176625955849886]",FDP,CDU/CSU
"[0.004352170042693615, 0.8074812889099121, 0.030582161620259285, 0.028170840814709663, 0.028798459097743034, 0.10061510652303696]",FDP,CDU/CSU
"[0.00023577864340040833, 0.9439374804496765, 0.0007376861176453531, 0.0005678171874023974, 0.00021763409313280135, 0.05430363491177559]",CDU/CSU,CDU/CSU
"[0.00019431619148235768, 0.9973431825637817, 0.0012771720066666603, 0.0003712885663844645, 0.00016485403466504067, 0.0006492022657766938]",CDU/CSU,CDU/CSU
"[0.0002882974222302437, 0.0005176771664991975, 0.002098315628245473, 0.9423234462738037, 0.052772220224142075, 0.002000110689550638]",GRÜNE,GRÜNE
"[0.0005017973016947508, 0.23896388709545135, 0.05989431217312813, 0.5297548174858093, 0.11447253823280334, 0.056412648409605026]",SPD,GRÜNE
"[0.9953866004943848, 0.0009062078897841275, 0.0033280975185334682, 0.00015344758867286146, 0.00014094165817368776, 8.465917926514521e-05]",AfD,AfD
"[0.0008238207083195448, 0.1858922690153122, 0.11042442172765732, 0.11366868019104004, 0.22501283884048462, 0.364177942276001]",SPD,SPD
"[0.0014397376216948032, 0.25941309332847595, 0.7372766137123108, 0.0002783714444376528, 0.00030161775066517293, 0.001290536718443036]",FDP,FDP
"[0.00020439155923668295, 0.039967313408851624, 0.015398499555885792, 0.394117146730423, 0.0010432599810883403, 0.5492693781852722]",SPD,SPD
"[0.0003249392902944237, 0.014804914593696594, 0.009770202450454235, 0.42414578795433044, 0.5237168669700623, 0.027237312868237495]",LINKE,LINKE
"[0.0010759630240499973, 0.007430780213326216, 0.024727998301386833, 0.9071111083030701, 0.013747340999543667, 0.04590684175491333]",FDP,GRÜNE
"[0.0006384674343280494, 0.0037032535765320063, 0.024519840255379677, 0.5885329246520996, 0.0005629229126498103, 0.3820425570011139]",GRÜNE,GRÜNE
"[0.0002041072875726968, 0.013490267097949982, 0.001279330812394619, 0.1772698312997818, 0.0010685897432267666, 0.8066878914833069]",SPD,SPD
"[0.0012303026160225272, 0.1256609410047531, 0.30936291813850403, 0.27181220054626465, 0.009371127001941204, 0.2825624644756317]",SPD,FDP
"[0.0018821490230038762, 0.022397801280021667, 0.002899895189329982, 0.07818663865327835, 0.5630363821983337, 0.33159714937210083]",LINKE,LINKE
"[0.9909664988517761, 0.0005844906554557383, 0.006892995443195105, 0.0004294256796129048, 0.0006886100163683295, 0.00043800726416520774]",AfD,AfD
"[0.00026576322852633893, 0.0015301824314519763, 0.0054806494154036045, 0.02070149965584278, 0.0003694820625241846, 0.9716524481773376]",SPD,SPD
"[0.9442986249923706, 0.0073095522820949554, 0.016337253153324127, 0.01025633979588747, 0.0071064261719584465, 0.014691686257719994]",AfD,AfD
"[7.861987251089886e-05, 0.001086317584849894, 0.9981577396392822, 0.00027977002901025116, 9.536567085888237e-05, 0.00030207057716324925]",FDP,FDP
"[0.00037736029480583966, 0.9959781169891357, 0.0006609320407733321, 0.0002468892198521644, 0.0003974909195676446, 0.0023391912691295147]",CDU/CSU,CDU/CSU
"[0.00012086779315723106, 0.030601032078266144, 0.03891177847981453, 0.01661667600274086, 0.0001727662602206692, 0.9135768413543701]",SPD,SPD
"[0.0027044424787163734, 0.09627220779657364, 0.060942575335502625, 0.7185354828834534, 0.11924085766077042, 0.002304416848346591]",CDU/CSU,GRÜNE
"[0.0011437188368290663, 0.026619141921401024, 0.9604679346084595, 0.005791893228888512, 0.005344594828784466, 0.0006327418377622962]",LINKE,FDP
"[0.023263199254870415, 0.5606226325035095, 0.027448654174804688, 0.05458133667707443, 0.2955434322357178, 0.038540732115507126]",CDU/CSU,CDU/CSU
"[0.0016277128597721457, 0.10594314336776733, 0.0661197379231453, 0.5510444045066833, 0.002723518991842866, 0.27254149317741394]",GRÜNE,GRÜNE
"[0.00016095938917715102, 0.0012141619808971882, 0.0005055351066403091, 0.9251311421394348, 0.0014269440434873104, 0.07156125456094742]",GRÜNE,GRÜNE
"[0.0016716797836124897, 0.8576676845550537, 0.08633109927177429, 0.007921324111521244, 0.0022578847128897905, 0.044150348752737045]",CDU/CSU,CDU/CSU
"[0.0002694902941584587, 0.591791033744812, 0.3119550049304962, 0.044041380286216736, 0.0018649797420948744, 0.05007803440093994]",GRÜNE,CDU/CSU
"[0.0001653354847803712, 7.959798676893115e-05, 4.41913289250806e-05, 0.000390591099858284, 0.9991750717163086, 0.00014516545343212783]",LINKE,LINKE
"[0.00036512810038402677, 0.45832255482673645, 0.06340880692005157, 0.010043341666460037, 0.0010074342135339975, 0.46685272455215454]",CDU/CSU,SPD
"[0.00025020603789016604, 0.5974032878875732, 0.09984412044286728, 0.02913767099380493, 0.00020113242499064654, 0.2731635868549347]",SPD,CDU/CSU
"[0.9946073293685913, 0.0006423976738005877, 0.0014855042099952698, 4.283395173843019e-05, 0.0030642643105238676, 0.00015761070244479924]",AfD,AfD
"[0.00044301789603196084, 0.03039780631661415, 0.0012869320344179869, 0.2281482070684433, 0.0003701552632264793, 0.7393538951873779]",SPD,SPD
"[0.0003228385467082262, 0.0007269220659509301, 0.9857804775238037, 0.001263834536075592, 7.685409218538553e-05, 0.01182907447218895]",FDP,FDP
"[0.0004273502854630351, 0.6902696490287781, 0.1226339340209961, 0.08570144325494766, 0.0006215161993168294, 0.10034608095884323]",CDU/CSU,CDU/CSU
"[0.00028433918487280607, 0.00020470043818932027, 0.0034753659274429083, 0.04072963073849678, 0.0002888516173698008, 0.95501708984375]",SPD,SPD
"[0.00024098587164189667, 0.01798410527408123, 0.11807236820459366, 0.021092385053634644, 0.00015382969286292791, 0.8424563407897949]",FDP,SPD
"[0.000507252523675561, 0.0005997307598590851, 0.005702050402760506, 0.5475244522094727, 0.0016468503745272756, 0.4440196752548218]",GRÜNE,GRÜNE
"[0.0004912153817713261, 0.3759194016456604, 0.07069644331932068, 0.48128387331962585, 0.0649963989853859, 0.006612620782107115]",GRÜNE,GRÜNE
"[0.998661994934082, 0.0002491091436240822, 0.0006438615382649004, 0.0001623456773813814, 0.00023818844056222588, 4.43733915744815e-05]",AfD,AfD
"[0.00016518562915734947, 0.06369880586862564, 0.9056366682052612, 0.001931660808622837, 9.742025576997548e-05, 0.02847023867070675]",FDP,FDP
"[0.993245542049408, 0.0005075723165646195, 0.00036862079286947846, 0.00031160347862169147, 0.005313637666404247, 0.0002529958728700876]",AfD,AfD
"[0.0001746891502989456, 0.4714716672897339, 0.5212264060974121, 0.003216547193005681, 0.00013915382442064583, 0.0037715251091867685]",CDU/CSU,FDP
"[0.00035919289803132415, 0.48979002237319946, 0.0017058749217540026, 0.00396469421684742, 0.0004941464867442846, 0.5036860704421997]",CDU/CSU,SPD
"[0.9935685992240906, 0.005432967562228441, 0.0005696750595234334, 9.859554847935215e-05, 0.00016722215514164418, 0.00016293073713313788]",AfD,AfD
"[0.003020882373675704, 0.24628126621246338, 0.1855083853006363, 0.13819777965545654, 0.03004000335931778, 0.39695167541503906]",FDP,SPD
"[0.010585806332528591, 0.82547527551651, 0.02843996323645115, 0.009089957922697067, 0.005497209262102842, 0.12091173976659775]",CDU/CSU,CDU/CSU
"[0.9993215799331665, 0.00031742258579470217, 0.00015541736502200365, 6.303472036961466e-05, 7.774640107527375e-05, 6.486682104878128e-05]",AfD,AfD
"[0.0019138171337544918, 0.38840949535369873, 0.5893793106079102, 0.01242407038807869, 0.00024057172413449734, 0.007632739841938019]",FDP,FDP
"[0.001253172173164785, 0.05900898948311806, 0.006291258614510298, 0.09668777137994766, 0.8358136415481567, 0.0009452156955376267]",CDU/CSU,LINKE
"[0.0010141843231394887, 0.9871406555175781, 0.007186757866293192, 0.0004046655958518386, 0.002257971093058586, 0.0019958571065217257]",CDU/CSU,CDU/CSU
"[0.0014639440923929214, 0.12333942949771881, 0.3643762767314911, 0.0987321138381958, 0.003037393558770418, 0.4090508222579956]",GRÜNE,SPD
"[0.000299443636322394, 0.0012709290022030473, 0.9978358745574951, 0.00036442012060433626, 0.00012967582733836025, 9.966740617528558e-05]",FDP,FDP
"[0.9981306195259094, 0.0009284478146582842, 0.0005117249093018472, 8.313430589623749e-05, 0.00019996969786006957, 0.0001460979983676225]",AfD,AfD
"[0.0007240332779474556, 0.0029696053825318813, 0.0048592425882816315, 0.8339208364486694, 0.1530553251504898, 0.004470972344279289]",GRÜNE,GRÜNE
"[0.0002610966912470758, 0.9724904298782349, 0.0071677956730127335, 0.000531836471054703, 0.00021492558880709112, 0.019333938136696815]",CDU/CSU,CDU/CSU
"[0.0008781364886090159, 0.4682897627353668, 0.09751804918050766, 0.06907878816127777, 0.0005333447479642928, 0.3637019693851471]",CDU/CSU,CDU/CSU
"[0.000261156412307173, 0.5847954750061035, 0.0386427603662014, 0.009032627567648888, 0.0009050768567249179, 0.36636289954185486]",CDU/CSU,CDU/CSU
"[0.0003369332698639482, 0.013671934604644775, 0.0043101198971271515, 0.18065260350704193, 0.0003313517663627863, 0.8006970882415771]",SPD,SPD
"[0.0002177964779548347, 0.0013212511548772454, 0.001376817817799747, 0.9200510382652283, 0.00036550979712046683, 0.07666757702827454]",GRÜNE,GRÜNE
"[0.9944950938224792, 0.00034894433338195086, 0.003028064500540495, 0.0002567933697719127, 0.0014984518056735396, 0.00037253909977152944]",AfD,AfD
"[0.004444697871804237, 0.5348384976387024, 0.02334352396428585, 0.0047166794538497925, 0.4310167729854584, 0.001639858353883028]",CDU/CSU,CDU/CSU
"[0.00013750411744695157, 0.0017260318854823709, 0.0001923535019159317, 0.010126031935214996, 0.9869487881660461, 0.0008692413684912026]",LINKE,LINKE
"[0.000256782746873796, 0.8743703365325928, 0.08638349175453186, 0.006750065367668867, 0.0016706816386431456, 0.030568642541766167]",CDU/CSU,CDU/CSU
"[0.010091973468661308, 0.03064066357910633, 0.3651409149169922, 0.07436896860599518, 0.47820010781288147, 0.041557371616363525]",LINKE,LINKE
"[0.005522949621081352, 0.9229449033737183, 0.0519900880753994, 0.0011629906948655844, 0.00046534236753359437, 0.017913643270730972]",CDU/CSU,CDU/CSU
"[0.9979987144470215, 0.0004553520411718637, 0.0011352424044162035, 9.674134344095364e-05, 0.0002332713338546455, 8.065519796218723e-05]",AfD,AfD
"[0.00038263629539869726, 0.9752230644226074, 0.022345712408423424, 0.0008720243931747973, 0.0005213516415096819, 0.0006551358965225518]",CDU/CSU,CDU/CSU
"[0.001052230247296393, 0.007112122606486082, 0.005401378497481346, 0.3865116238594055, 0.5986409187316895, 0.0012816874077543616]",LINKE,LINKE
"[0.0002977992407977581, 0.0006696495693176985, 0.011960159055888653, 0.7754715085029602, 0.0004745525075122714, 0.21112637221813202]",SPD,GRÜNE
"[0.001707139308564365, 0.6956198215484619, 0.2279580980539322, 0.05309025198221207, 0.005442564841359854, 0.016182053834199905]",CDU/CSU,CDU/CSU
"[0.00038682701415382326, 0.003049697959795594, 0.09188128262758255, 0.3083418309688568, 0.0002516654785722494, 0.596088707447052]",SPD,SPD
"[0.8780320286750793, 0.09749934822320938, 0.02285030111670494, 0.0003594175213947892, 0.0006102016777731478, 0.0006486775819212198]",AfD,AfD
"[0.0016249008476734161, 0.816864550113678, 0.011234239675104618, 0.16715402901172638, 0.001573440502397716, 0.0015488234348595142]",CDU/CSU,CDU/CSU
"[0.0002955852833110839, 0.1943265050649643, 0.017459174618124962, 0.08112919330596924, 0.0006481144810095429, 0.706141471862793]",CDU/CSU,SPD
"[0.000583220855332911, 0.0012139141326770186, 7.527984416810796e-05, 0.0001216129312524572, 0.9978277683258057, 0.00017821916844695807]",LINKE,LINKE
"[0.00018475450633559376, 0.0011295502772554755, 0.0003949635720346123, 0.925934910774231, 0.0010947976261377335, 0.07126111537218094]",GRÜNE,GRÜNE
"[0.004247832112014294, 0.05469680204987526, 0.9146121144294739, 0.01683679409325123, 0.0013381518656387925, 0.008268296718597412]",FDP,FDP
"[0.00023349758703261614, 0.07524149864912033, 0.012228402309119701, 0.22640174627304077, 0.0005081892013549805, 0.6853866577148438]",SPD,SPD
"[0.009611968882381916, 0.356406569480896, 0.0026145887095481157, 0.36287519335746765, 0.2598576247692108, 0.008634088560938835]",CDU/CSU,GRÜNE
"[0.00037844746839255095, 0.0043700323440134525, 0.9040082097053528, 0.021978311240673065, 0.00024386569566559047, 0.06902109831571579]",FDP,FDP
"[0.00020095356740057468, 0.3717864453792572, 0.255174458026886, 0.006259344983845949, 0.0030662601348012686, 0.3635125160217285]",SPD,CDU/CSU
"[0.0006788531318306923, 0.03436645492911339, 0.2739432156085968, 0.07498098164796829, 0.0015248586423695087, 0.6145055890083313]",SPD,SPD
"[0.9994068741798401, 0.00017954361101146787, 0.0001494115131208673, 5.703789065591991e-05, 0.00016569439321756363, 4.133947368245572e-05]",AfD,AfD
"[0.0005857774522155523, 0.45426779985427856, 0.08482079952955246, 0.012601630762219429, 0.006797654088586569, 0.44092634320259094]",CDU/CSU,CDU/CSU
"[0.0004609467287082225, 0.3867698311805725, 0.04775996506214142, 0.047790251672267914, 0.0014625072944909334, 0.5157564878463745]",SPD,SPD
"[0.6692560911178589, 0.0999445840716362, 0.15329822897911072, 0.05381470546126366, 0.001767695415765047, 0.021918652579188347]",AfD,AfD
"[0.00045559240970760584, 0.28590816259384155, 0.15876759588718414, 0.49307289719581604, 0.001265880768187344, 0.06052987277507782]",GRÜNE,GRÜNE
"[0.9980035424232483, 0.000412422843510285, 0.00030182674527168274, 0.0002085324376821518, 0.0010289427591487765, 4.4669537601293996e-05]",AfD,AfD
"[0.0005002649268135428, 0.000561133143492043, 0.00098809611517936, 0.9138637781143188, 0.03736587241292, 0.04672086611390114]",GRÜNE,GRÜNE
"[0.00022897902817931026, 0.0012500238372012973, 7.943587843328714e-05, 0.012335331179201603, 0.9800248742103577, 0.006081367377191782]",LINKE,LINKE
"[0.0014517904492095113, 0.3954869210720062, 0.1395934820175171, 0.14452165365219116, 0.03867076709866524, 0.2802754044532776]",FDP,CDU/CSU
"[0.013778056018054485, 0.3910331428050995, 0.5615106821060181, 0.004705772735178471, 0.0013750646030530334, 0.027597270905971527]",FDP,FDP
"[0.9987607002258301, 0.0002332037256564945, 0.00014556830865330994, 0.00017164443852379918, 0.0005885898135602474, 0.00010024311632150784]",AfD,AfD
"[0.00027882016729563475, 0.010698536410927773, 0.8580217361450195, 0.02131684496998787, 0.000422873767092824, 0.10926126688718796]",FDP,FDP
"[0.24500341713428497, 0.008446387015283108, 0.7393918037414551, 0.0035487660206854343, 0.0027537676505744457, 0.0008558163535781205]",AfD,FDP
"[0.0013035163283348083, 0.8691085577011108, 0.12403781712055206, 0.004412243142724037, 0.0005863336264155805, 0.0005515318480320275]",CDU/CSU,CDU/CSU
"[0.9995023012161255, 0.00014336635649669915, 0.00011747019016183913, 3.725354326888919e-05, 0.00014378700871020555, 5.58150713914074e-05]",AfD,AfD
"[7.89997648098506e-05, 0.0013649542815983295, 0.0011019464582204819, 0.021813297644257545, 0.013766899704933167, 0.9618738889694214]",SPD,SPD
"[0.0003455162514001131, 0.056488584727048874, 0.3949377238750458, 0.1558353155851364, 0.0004458117764443159, 0.39194706082344055]",FDP,FDP
"[0.0005037285154685378, 0.05514561012387276, 0.018081529065966606, 0.012528282590210438, 0.0002801036462187767, 0.9134607315063477]",CDU/CSU,SPD
"[0.5312564969062805, 0.12061483412981033, 0.31983450055122375, 0.002946932101622224, 0.002518516033887863, 0.022828711196780205]",AfD,AfD
"[0.007480063010007143, 0.2046239823102951, 0.22431731224060059, 0.015167218632996082, 0.0032156668603420258, 0.5451957583427429]",SPD,SPD
"[0.00022871638066135347, 0.02898356132209301, 0.07147284597158432, 0.7928965091705322, 0.01821793243288994, 0.08820045739412308]",GRÜNE,GRÜNE
"[0.0007339695002883673, 0.8651840686798096, 0.11309248954057693, 0.019350508227944374, 0.001099395682103932, 0.0005395500920712948]",CDU/CSU,CDU/CSU
"[0.0004093564348295331, 0.00024346339341718704, 0.000942148850299418, 0.011101425625383854, 0.9866917133331299, 0.0006118037272244692]",LINKE,LINKE
"[0.00030649674590677023, 0.6542589068412781, 0.34124836325645447, 0.0022029762621968985, 0.0005700967740267515, 0.0014131487114354968]",FDP,CDU/CSU
"[0.00010493706213310361, 0.9884459972381592, 0.004540394525974989, 0.0004462305223569274, 8.461529068881646e-05, 0.006377798039466143]",CDU/CSU,CDU/CSU
"[0.9914466738700867, 0.0007867894019000232, 0.0006458720890805125, 6.47341730655171e-05, 0.006962805520743132, 9.3119713710621e-05]",AfD,AfD
"[0.9958071708679199, 0.00167857576161623, 0.0020152737852185965, 0.00013375321577768773, 0.0002203539916081354, 0.00014481779362540692]",AfD,AfD
"[0.0008994951494969428, 0.18939873576164246, 0.06989239901304245, 0.1291312873363495, 0.019023923203349113, 0.5916541814804077]",SPD,SPD
"[0.0006122739287093282, 0.8039605021476746, 0.018503796309232712, 0.012185179628431797, 0.0012545924400910735, 0.163483664393425]",CDU/CSU,CDU/CSU
"[0.04348653927445412, 0.0008372140000574291, 0.0005853703478351235, 0.040377043187618256, 0.9142675399780273, 0.0004463200457394123]",LINKE,LINKE
"[0.0005774670280516148, 0.048284951597452164, 0.15028761327266693, 0.2660145163536072, 0.0010854173451662064, 0.5337499976158142]",SPD,SPD
"[0.0002519969129934907, 0.12708324193954468, 0.020152170211076736, 0.04545504227280617, 0.00018298935901839286, 0.8068745136260986]",CDU/CSU,SPD
"[0.0004231889033690095, 0.1647505909204483, 0.0158353541046381, 0.08934672921895981, 0.0013096225447952747, 0.7283345460891724]",SPD,SPD
"[0.00027692384901456535, 0.0004198603273835033, 0.00044727008207701147, 0.9738137722015381, 0.0001973028265638277, 0.024844875559210777]",GRÜNE,GRÜNE
"[0.0016164036933332682, 0.4548836350440979, 0.07471594214439392, 0.0059153190813958645, 0.0006699197692796588, 0.46219879388809204]",SPD,SPD
"[0.26060783863067627, 0.5952038168907166, 0.01630866713821888, 0.0007734840619377792, 0.0028935009613633156, 0.12421279400587082]",CDU/CSU,CDU/CSU
"[0.002067259978502989, 0.00202129571698606, 0.00019937840988859534, 0.00023147180036175996, 0.9953205585479736, 0.00016002662596292794]",LINKE,LINKE
"[0.8584213852882385, 0.018716612830758095, 0.12056685984134674, 0.00021192019630689174, 0.0016865303041413426, 0.00039669309626333416]",AfD,AfD
"[0.0003001822915393859, 0.4318675994873047, 0.03517397493124008, 0.022268055006861687, 0.0005309683619998395, 0.5098592042922974]",SPD,SPD
"[0.0013210627948865294, 0.00023772248823661357, 0.000427944993134588, 0.0005380753427743912, 0.9973937273025513, 8.151536894729361e-05]",LINKE,LINKE
"[0.000623605155851692, 0.038587018847465515, 0.16427873075008392, 0.2847214639186859, 0.12194424122571945, 0.3898448944091797]",SPD,SPD
"[0.0004344983899500221, 0.10721844434738159, 0.08275303989648819, 0.011654946021735668, 0.00016470173432026058, 0.7977743744850159]",SPD,SPD
"[0.0008580481517128646, 0.975010097026825, 0.012225414626300335, 0.00014666513015981764, 9.712782775750384e-05, 0.011662702076137066]",CDU/CSU,CDU/CSU
"[0.0003397608525119722, 0.1894604116678238, 0.14502952992916107, 0.0944758951663971, 0.031773269176483154, 0.5389211177825928]",SPD,SPD
"[0.00028758577536791563, 0.9290036559104919, 0.0011074650101363659, 0.003538001561537385, 0.00017010759620461613, 0.06589324027299881]",CDU/CSU,CDU/CSU
"[0.7002994418144226, 0.02717564068734646, 0.25467345118522644, 0.0019090641289949417, 0.010539081878960133, 0.005403376650065184]",AfD,AfD
"[0.0003214459866285324, 0.3976874053478241, 0.008927703835070133, 0.0022107835393399, 0.0016459658509120345, 0.5892068147659302]",CDU/CSU,SPD
"[0.07559996098279953, 0.07242615520954132, 0.4105106294155121, 0.05410759523510933, 0.3323463797569275, 0.05500932037830353]",FDP,FDP
"[0.00015184839139692485, 0.07533395290374756, 0.0026999434921890497, 0.0939464271068573, 0.000567286740988493, 0.8273005485534668]",SPD,SPD
"[0.00056584452977404, 0.6518508791923523, 0.02023693360388279, 0.011616647243499756, 0.00011991771316388622, 0.3156098425388336]",CDU/CSU,CDU/CSU
"[0.00034255333594046533, 0.7596682906150818, 0.01217267569154501, 0.006585078779608011, 0.004134117625653744, 0.21709729731082916]",CDU/CSU,CDU/CSU
"[0.0002380182995693758, 9.07394423848018e-05, 3.673371975310147e-05, 0.000420036114519462, 0.9991225600242615, 9.198854240821674e-05]",LINKE,LINKE
"[0.999242901802063, 0.00018431356875225902, 0.0002653248666319996, 3.303216726635583e-05, 0.00023646312183700502, 3.802710125455633e-05]",AfD,AfD
"[0.0004894016892649233, 0.0006325022550299764, 0.00015276136400643736, 9.148560639005154e-05, 0.9985237717628479, 0.00011024499690392986]",LINKE,LINKE
"[0.000571307900827378, 0.912586510181427, 0.006256575230509043, 0.004291806370019913, 0.00018494702817406505, 0.0761089101433754]",CDU/CSU,CDU/CSU
"[0.0031496172305196524, 0.23809275031089783, 0.6571285128593445, 0.005781903397291899, 0.0013230852782726288, 0.09452410787343979]",FDP,FDP
"[0.9474829435348511, 0.01921342872083187, 0.031036049127578735, 0.00020006186969112605, 0.0011420634109526873, 0.0009254898759536445]",AfD,AfD
"[0.00021697890770155936, 0.9906147122383118, 0.006011303048580885, 0.0017758257454261184, 0.0008004264091141522, 0.0005807190318591893]",CDU/CSU,CDU/CSU
"[0.998805820941925, 0.00045776288607157767, 0.0004783760232385248, 8.32381410873495e-05, 0.00011141828872496262, 6.33839299553074e-05]",AfD,AfD
"[0.0003246743872296065, 0.0009116565342992544, 0.0007101819501258433, 0.42297807335853577, 0.0005362160736694932, 0.5745391845703125]",SPD,SPD
"[0.0002167565398849547, 0.021322641521692276, 0.0007853895658627152, 0.010050668381154537, 0.00020586088066920638, 0.9674186706542969]",SPD,SPD
"[0.0020428479183465242, 0.5243089199066162, 0.0038191433995962143, 0.022049568593502045, 0.004204623866826296, 0.4435749053955078]",SPD,CDU/CSU
"[0.0009041972225531936, 0.08641864359378815, 0.6805173754692078, 0.18463389575481415, 0.000573148368857801, 0.04695267975330353]",FDP,FDP
"[0.00012376408267300576, 0.998345136642456, 0.0007479023188352585, 0.00027834417414851487, 0.0001240344427060336, 0.0003807558096013963]",CDU/CSU,CDU/CSU
"[0.0004186731530353427, 0.9983890056610107, 0.000699493451975286, 0.00012346816947683692, 0.00014502397971227765, 0.00022441780311055481]",CDU/CSU,CDU/CSU
"[0.0009277168428525329, 0.042484503239393234, 0.1843743622303009, 0.03315163403749466, 0.0009902860037982464, 0.7380714416503906]",GRÜNE,SPD
"[0.0004356921708676964, 0.08745274692773819, 0.2683781385421753, 0.5169530510902405, 0.015813302248716354, 0.11096706241369247]",GRÜNE,GRÜNE
"[0.0002322731161257252, 0.4995172917842865, 0.021312931552529335, 0.004429629072546959, 0.000324021908454597, 0.4741838872432709]",SPD,CDU/CSU
"[0.00019968718697782606, 0.9398583769798279, 0.0392848439514637, 0.0013726811157539487, 0.00013193550694268197, 0.019152531400322914]",CDU/CSU,CDU/CSU
"[0.00031398585997521877, 0.0024751052260398865, 0.0005383497336879373, 0.3856559693813324, 0.0008659421000629663, 0.6101506352424622]",GRÜNE,SPD
"[0.006349464412778616, 0.010097871534526348, 0.07493308186531067, 0.8502655625343323, 0.015999680384993553, 0.04235434532165527]",GRÜNE,GRÜNE
"[0.0007960063521750271, 0.8643262386322021, 0.033777106553316116, 0.0024486316833645105, 0.023588305339217186, 0.07506369799375534]",CDU/CSU,CDU/CSU
"[0.001669309800490737, 0.4739837646484375, 0.08100965619087219, 0.27513039112091064, 0.0007120330119505525, 0.16749480366706848]",FDP,CDU/CSU
"[0.0002789701975416392, 0.00017543196736369282, 0.00015979660383891314, 0.0008463842677883804, 0.9977509379386902, 0.0007884642691351473]",LINKE,LINKE
"[0.0003426737675908953, 0.0019188544247299433, 0.9959949254989624, 0.0012846763711422682, 0.00018437870312482119, 0.00027452854556031525]",FDP,FDP
"[0.0003234330506529659, 0.001079140231013298, 0.0003783937427215278, 0.0009592387359589338, 0.00018286053091287613, 0.9970768690109253]",SPD,SPD
"[0.9992964267730713, 0.000243879301706329, 0.0001397903834003955, 8.979233098216355e-05, 0.00012145093933213502, 0.00010861028567887843]",AfD,AfD
"[0.00023128226166591048, 0.14509223401546478, 0.1715303361415863, 0.07926270365715027, 0.0032456563785672188, 0.6006377935409546]",SPD,SPD
"[0.000386048894142732, 0.30725976824760437, 0.10626236349344254, 0.032816652208566666, 0.002237093634903431, 0.5510380864143372]",GRÜNE,SPD
"[0.0005823954124934971, 0.4904554784297943, 0.023305535316467285, 0.0018123205518350005, 0.0007661458221264184, 0.48307809233665466]",SPD,CDU/CSU
"[0.00031706748995929956, 0.12282353639602661, 0.0032518573570996523, 0.0011164096649736166, 0.0009060118463821709, 0.8715851306915283]",SPD,SPD
"[9.282558312406763e-05, 0.014158148318529129, 0.016276471316814423, 0.03536030650138855, 0.00021819424000568688, 0.9338940382003784]",SPD,SPD
"[0.0003324270946905017, 0.19317997992038727, 0.25082218647003174, 0.008908308111131191, 0.0011867261491715908, 0.5455703735351562]",SPD,SPD
"[0.0008191108936443925, 0.837569534778595, 0.028656568378210068, 0.0021107830107212067, 0.00031506651430390775, 0.13052895665168762]",CDU/CSU,CDU/CSU
"[0.00011157613334944472, 0.9675553441047668, 0.00202869507484138, 0.0004237511893734336, 0.00011201385495951399, 0.02976864017546177]",CDU/CSU,CDU/CSU
"[0.0002937883255071938, 0.0006019143620505929, 0.9974064826965332, 0.001110318349674344, 0.00024140250752680004, 0.0003461644519120455]",FDP,FDP
"[0.9976856708526611, 0.0012144865468144417, 0.0006761650438420475, 4.408756285556592e-05, 0.0002479218819644302, 0.00013167601719032973]",AfD,AfD
"[0.0025481905322521925, 0.05012758448719978, 0.31118667125701904, 0.6110812425613403, 0.024129629135131836, 0.0009266686975024641]",GRÜNE,GRÜNE
"[0.0006614418816752732, 0.49236249923706055, 0.028073102235794067, 0.024017907679080963, 0.009016801603138447, 0.44586822390556335]",CDU/CSU,CDU/CSU
"[0.6020564436912537, 0.0037322610151022673, 0.004453147295862436, 0.05022701993584633, 0.33608362078666687, 0.0034475477878004313]",AfD,AfD
"[0.00019753153901547194, 0.9196110367774963, 0.0021177129819989204, 0.004153280984610319, 0.0003256478812545538, 0.07359477132558823]",CDU/CSU,CDU/CSU
"[0.0004995948984287679, 0.07082017511129379, 0.005756780505180359, 0.010315321385860443, 0.004011038225144148, 0.9085970520973206]",FDP,SPD
"[0.002676489297300577, 0.0019917075987905264, 0.001541439676657319, 0.024668391793966293, 0.9664872884750366, 0.0026347346138209105]",LINKE,LINKE
"[0.0008036214858293533, 0.16750290989875793, 0.010782398283481598, 0.00700589083135128, 0.004865868482738733, 0.809039294719696]",SPD,SPD
"[0.0012401597341522574, 0.00027242692885920405, 0.0058190589770674706, 0.008722656406462193, 0.983405351638794, 0.0005402006790973246]",LINKE,LINKE
"[0.00018651518621481955, 0.00021797050430905074, 5.031278124079108e-05, 0.0019652587361633778, 0.9966524839401245, 0.000927489425521344]",LINKE,LINKE
"[0.00175978965125978, 0.03604857996106148, 0.36604660749435425, 0.1895216703414917, 0.0010455448646098375, 0.40557780861854553]",SPD,SPD
"[0.9975408911705017, 0.0015188277466222644, 0.0003130090772174299, 6.902602035552263e-05, 0.0002265123912366107, 0.00033178008743561804]",AfD,AfD
"[0.0014789158012717962, 0.04072454199194908, 0.10248983651399612, 0.027654077857732773, 0.803505539894104, 0.024147070944309235]",LINKE,LINKE
"[0.0002417466603219509, 0.2094239592552185, 0.06347433477640152, 0.0030769002623856068, 0.00047210388584062457, 0.7233109474182129]",FDP,SPD
"[0.0009201235952787101, 0.3048960864543915, 0.10125023871660233, 0.04067031666636467, 0.007644215133041143, 0.5446190237998962]",SPD,SPD
"[0.0002903845452237874, 0.3946636915206909, 0.051641251891851425, 0.009595966897904873, 0.00113641656935215, 0.542672336101532]",SPD,SPD
"[0.0013295391108840704, 0.0007844294304959476, 0.45256468653678894, 0.14344288408756256, 0.00032325429492630064, 0.4015551805496216]",SPD,FDP
"[0.9989792704582214, 0.00042862529517151415, 0.0003040892770513892, 9.360639523947611e-05, 0.0001121416426030919, 8.228530350606889e-05]",AfD,AfD
"[0.0002211825776612386, 0.08400099724531174, 0.00150866259355098, 0.002666684566065669, 0.0003799273690674454, 0.911222517490387]",SPD,SPD
"[0.0004779974988196045, 0.8128095865249634, 0.017844408750534058, 0.0007680003764107823, 0.006588351912796497, 0.1615116447210312]",CDU/CSU,CDU/CSU
"[0.9587134122848511, 0.026307079941034317, 0.011493323370814323, 0.000190541468327865, 0.0029714214615523815, 0.00032428273698315024]",AfD,AfD
"[0.0008006778080016375, 0.12325651198625565, 0.6675471067428589, 0.14852021634578705, 0.0004825878422707319, 0.05939287692308426]",GRÜNE,FDP
"[0.8016276359558105, 0.05294915661215782, 0.11910203099250793, 0.007933007553219795, 0.016228705644607544, 0.002159600844606757]",AfD,AfD
"[0.00038421619683504105, 0.0006274036131799221, 0.0025276870001107454, 0.000755681365262717, 0.00040316308150067925, 0.9953018426895142]",SPD,SPD
"[0.0009106388315558434, 0.6493291854858398, 0.019197331741452217, 0.0073097781278193, 0.001333278720267117, 0.3219197988510132]",CDU/CSU,CDU/CSU
"[0.00012854790838900954, 0.009795458987355232, 0.001655165571719408, 0.012900460511446, 0.0006556817679665983, 0.974864661693573]",SPD,SPD
"[0.9916054606437683, 0.0006109584937803447, 0.006876811850816011, 0.0004242468567099422, 0.0002053677599178627, 0.0002772107836790383]",AfD,AfD
"[0.0002618629368953407, 0.0017284674104303122, 0.006554706953465939, 0.04303408041596413, 0.00022059117327444255, 0.9482002854347229]",SPD,SPD
"[0.0003280477540101856, 0.001807503984309733, 0.0037662421818822622, 0.013167962431907654, 0.9778965711593628, 0.0030336580239236355]",LINKE,LINKE
"[0.4074905216693878, 0.12433058768510818, 0.10893731564283371, 0.03013272024691105, 0.31738340854644775, 0.01172542106360197]",AfD,AfD
"[0.00042228723759762943, 0.16493479907512665, 0.0029487654101103544, 0.04599643126130104, 0.0006730835884809494, 0.7850246429443359]",SPD,SPD
"[0.00035470337024889886, 0.48497262597084045, 0.4040554463863373, 0.019957929849624634, 0.000305264227790758, 0.09035402536392212]",CDU/CSU,CDU/CSU
"[0.00010750710498541594, 0.0003468404174782336, 0.9989579319953918, 0.00020865732221864164, 0.00010871280392166227, 0.00027026652242057025]",FDP,FDP
"[0.009432326070964336, 0.9118720889091492, 0.007932774722576141, 0.0008001700625754893, 0.002479025861248374, 0.06748372316360474]",CDU/CSU,CDU/CSU
"[0.0002903272688854486, 0.6342958807945251, 0.027540715411305428, 0.006087833549827337, 0.0005749496049247682, 0.3312103748321533]",CDU/CSU,CDU/CSU
"[0.003820075886324048, 0.8591880798339844, 0.0036416230723261833, 0.012168999761343002, 0.038453079760074615, 0.08272811025381088]",CDU/CSU,CDU/CSU
"[0.0007113122846931219, 0.010257995687425137, 0.0038265876937657595, 0.8600689172744751, 0.121271051466465, 0.003864139784127474]",LINKE,GRÜNE
"[0.0012190917041152716, 0.06395553797483444, 0.1354922503232956, 0.7767999172210693, 0.0029457903001457453, 0.01958741806447506]",GRÜNE,GRÜNE
"[0.9843346476554871, 0.008838393725454807, 0.002935337834060192, 0.0005254328716546297, 0.00075394386658445, 0.002612236188724637]",AfD,AfD
"[0.00038129635504446924, 0.7855405807495117, 0.08642853051424026, 0.026160627603530884, 0.0002582557499408722, 0.10123073309659958]",SPD,CDU/CSU
"[0.0003695541527122259, 0.09396101534366608, 0.1400688737630844, 0.5131833553314209, 0.0004439127806108445, 0.2519732713699341]",GRÜNE,GRÜNE
"[0.00044106447603553534, 0.0037271184846758842, 0.004766006954014301, 0.1590469628572464, 0.0006796938832849264, 0.8313391804695129]",SPD,SPD
"[0.00013102144293952733, 0.00041606847662478685, 0.002939934842288494, 0.9912999868392944, 0.0036484315060079098, 0.001564619829878211]",LINKE,GRÜNE
"[0.9993124008178711, 0.0003485495981294662, 0.00014007033314555883, 4.584961061482318e-05, 0.00010873433348024264, 4.441039709490724e-05]",AfD,AfD
"[0.00021122428006492555, 0.13503897190093994, 0.634488582611084, 0.023926526308059692, 0.0001624691067263484, 0.20617227256298065]",FDP,FDP
"[0.00015983253251761198, 0.0009323114645667374, 0.9633578658103943, 0.0018276302143931389, 0.00015620466729160398, 0.03356622904539108]",FDP,FDP
"[0.009767989628016949, 0.01085822656750679, 0.9774113297462463, 0.0008159936405718327, 0.00016893290739972144, 0.0009775441139936447]",FDP,FDP
"[0.006414901465177536, 0.06828124076128006, 0.873948335647583, 0.04791080951690674, 0.0004044767119921744, 0.0030402217525988817]",FDP,FDP
"[0.0002565139438956976, 0.00016977876657620072, 9.354129724670202e-05, 0.005619106348603964, 0.9935603141784668, 0.0003007513005286455]",LINKE,LINKE
"[0.0003979967732448131, 0.17557275295257568, 0.03549050912261009, 0.0058798776008188725, 0.0019010603427886963, 0.7807579040527344]",SPD,SPD
"[0.0006585978553630412, 0.5615071058273315, 0.0041911546140909195, 0.050132494419813156, 0.001721912994980812, 0.3817887604236603]",SPD,CDU/CSU
"[0.9993788003921509, 0.00025264883879572153, 8.963775326265022e-05, 3.9222177292685956e-05, 0.00018155884754378349, 5.8094243286177516e-05]",AfD,AfD
"[0.00012066977797076106, 0.9169357419013977, 0.004604137036949396, 0.0017131207277998328, 0.00042871382902376354, 0.07619760930538177]",CDU/CSU,CDU/CSU
"[0.00036884204018861055, 0.9482844471931458, 0.007183440960943699, 0.03868560120463371, 0.0016365348128601909, 0.0038411233108490705]",CDU/CSU,CDU/CSU
"[0.0008273902349174023, 0.8343666791915894, 0.0445764884352684, 0.02121398225426674, 0.009381858631968498, 0.08963361382484436]",CDU/CSU,CDU/CSU
"[0.006908612325787544, 0.7275193333625793, 0.15877936780452728, 0.006096851546317339, 0.0014082848792895675, 0.09928759187459946]",CDU/CSU,CDU/CSU
"[0.000123873571283184, 0.0014173174276947975, 0.9887114763259888, 0.000714401132427156, 0.0003314832574687898, 0.008701406419277191]",FDP,FDP
"[0.0005000390810891986, 0.0006270436570048332, 0.0011173593811690807, 0.0550333708524704, 0.9424540996551514, 0.0002681320474948734]",LINKE,LINKE
"[0.00035277559072710574, 0.496182382106781, 0.38548168540000916, 0.008923468180000782, 0.00016796085401438177, 0.10889167338609695]",FDP,CDU/CSU
"[0.00024787583970464766, 0.12874935567378998, 0.10180860012769699, 0.05711214989423752, 0.0013152629835531116, 0.7107668519020081]",GRÜNE,SPD
"[0.00029223377350717783, 0.9020272493362427, 0.0052426597103476524, 0.0007498752092942595, 0.0004603128763847053, 0.09122766554355621]",CDU/CSU,CDU/CSU
"[0.0001391028636135161, 0.004468128550797701, 0.002150210551917553, 0.008237775415182114, 0.00022914393048267812, 0.9847756028175354]",SPD,SPD
"[0.0004237564862705767, 0.004178409930318594, 0.0022478397004306316, 0.3003036081790924, 0.49458035826683044, 0.19826602935791016]",LINKE,LINKE
"[0.00029618453118018806, 0.47044143080711365, 0.3912641108036041, 0.070521779358387, 0.0015500691952183843, 0.06592639535665512]",CDU/CSU,CDU/CSU
"[0.0013626265572384, 0.06841332465410233, 0.06045088171958923, 0.630112886428833, 0.125462606549263, 0.11419764906167984]",GRÜNE,GRÜNE
"[0.9973330497741699, 0.0008228131919167936, 0.0012601511552929878, 0.0002643950574565679, 0.00019226755830459297, 0.00012722081737592816]",AfD,AfD
"[9.763939306139946e-05, 0.0007881566998548806, 0.000294573517749086, 0.3548201322555542, 0.6387264728546143, 0.0052729700691998005]",LINKE,LINKE
"[0.00038039303035475314, 0.0009406507015228271, 0.0006920208688825369, 0.6213439106941223, 0.0006617637700401247, 0.37598130106925964]",GRÜNE,GRÜNE
"[0.000642313389107585, 0.0009172559948638082, 0.22884956002235413, 0.6265701055526733, 0.001597707625478506, 0.1414230465888977]",GRÜNE,GRÜNE
"[0.0003606943937484175, 0.0001523923856439069, 0.00010597227810649201, 0.00025733650545589626, 0.9990346431732178, 8.89765506144613e-05]",LINKE,LINKE
"[0.005968684330582619, 0.1888442486524582, 0.06529494374990463, 0.6155444979667664, 0.07404153048992157, 0.050306037068367004]",GRÜNE,GRÜNE
"[0.49312683939933777, 0.06720053404569626, 0.43231305480003357, 0.00390726700425148, 0.0001598105300217867, 0.0032925002742558718]",AfD,AfD
"[0.000154074325109832, 0.8921271562576294, 0.006053271237760782, 0.0034424576442688704, 0.00013095076428726315, 0.09809209406375885]",CDU/CSU,CDU/CSU
"[0.00014787312829867005, 0.5819314122200012, 0.09200853109359741, 0.006803117226809263, 0.0006318503874354064, 0.31847721338272095]",CDU/CSU,CDU/CSU
"[0.0005660279421135783, 0.0014402831438928843, 0.0012381932465359569, 0.012976566329598427, 0.9405201077461243, 0.04325885698199272]",LINKE,LINKE
"[0.000570441538002342, 0.0007282643346115947, 0.0010858933674171567, 0.9082709550857544, 0.0040144952945411205, 0.08532990515232086]",GRÜNE,GRÜNE
"[0.0003412624355405569, 0.9947009086608887, 0.0015008917544037104, 0.002127750776708126, 0.0003325208672322333, 0.0009966632351279259]",CDU/CSU,CDU/CSU
"[0.002485166070982814, 0.5585097670555115, 0.40102308988571167, 0.005197025835514069, 0.0016038096509873867, 0.031181132420897484]",CDU/CSU,CDU/CSU
"[0.0006263745599426329, 0.9589816927909851, 0.016681576147675514, 0.021973498165607452, 0.0009448109194636345, 0.0007920282077975571]",CDU/CSU,CDU/CSU
"[0.9994843006134033, 0.0002121708675986156, 0.00013109270366840065, 3.736485814442858e-05, 9.263118408853188e-05, 4.2441683035576716e-05]",AfD,AfD
"[0.9990355372428894, 0.00027629180112853646, 0.00028658570954576135, 4.3646403355523944e-05, 0.0002966450701933354, 6.132003181846812e-05]",AfD,AfD
"[0.00027334323385730386, 0.1013202890753746, 0.0010065262904390693, 0.001187340123578906, 0.00016798607248347253, 0.8960445523262024]",SPD,SPD
"[0.00027674989541992545, 0.08325352519750595, 0.044535234570503235, 0.13166655600070953, 0.6847822070121765, 0.05548575520515442]",LINKE,LINKE
"[0.00013102703087497503, 8.569766941946e-05, 4.061531217303127e-05, 0.0006535608554258943, 0.998866081237793, 0.0002230597019661218]",LINKE,LINKE
"[0.0001736837875796482, 0.01609540544450283, 0.00928578618913889, 0.1457514613866806, 0.7035378217697144, 0.12515577673912048]",LINKE,LINKE
"[0.00021554110571742058, 0.9212568998336792, 0.014872698113322258, 0.0024480451829731464, 0.00010345201008021832, 0.061103321611881256]",CDU/CSU,CDU/CSU
"[0.009479925036430359, 0.32122018933296204, 0.08746466785669327, 0.07731478661298752, 0.25875934958457947, 0.24576111137866974]",CDU/CSU,CDU/CSU
"[0.0004815701104234904, 0.2743527293205261, 0.7083085775375366, 0.0010046488605439663, 0.00023195586982183158, 0.015620513819158077]",FDP,FDP
"[0.000386307539884001, 0.004441741853952408, 0.010546505451202393, 0.7679575681686401, 0.0004533088067546487, 0.21621455252170563]",GRÜNE,GRÜNE
"[0.0003422824665904045, 0.8807189464569092, 0.0772225484251976, 0.0375172384083271, 0.0014980635605752468, 0.002700900426134467]",CDU/CSU,CDU/CSU
"[0.000732653948944062, 0.7440032362937927, 0.23978452384471893, 0.00959730800241232, 0.0003186922986060381, 0.0055636451579630375]",CDU/CSU,CDU/CSU
"[0.0020489359740167856, 0.01419604942202568, 0.021998241543769836, 0.6052413582801819, 0.004346767906099558, 0.35216864943504333]",GRÜNE,GRÜNE
"[0.0008767847320996225, 0.009573353454470634, 0.01006693672388792, 0.9162043333053589, 0.06277100741863251, 0.0005076820962131023]",GRÜNE,GRÜNE
"[0.9921022653579712, 0.0041608065366744995, 0.003064603777602315, 0.00010546229896135628, 0.000209286023164168, 0.0003575977752916515]",AfD,AfD
"[0.22165042161941528, 0.06038748100399971, 0.07121232151985168, 0.010838411748409271, 0.49986156821250916, 0.13604985177516937]",LINKE,LINKE
"[0.00381959299556911, 0.9526731371879578, 0.030969202518463135, 0.0032819584012031555, 0.0018332222243770957, 0.007422893773764372]",CDU/CSU,CDU/CSU
"[0.0015305614797398448, 0.8275942206382751, 0.16406403481960297, 0.005396575201302767, 0.0007873140275478363, 0.0006273077451623976]",CDU/CSU,CDU/CSU
"[0.27712714672088623, 0.06547298282384872, 0.5515390038490295, 0.020099414512515068, 0.0010955703910440207, 0.08466590940952301]",AfD,FDP
"[0.870592474937439, 0.021444963291287422, 0.10684772580862045, 0.0003237716155126691, 0.00030040243291296065, 0.0004907847032882273]",AfD,AfD
"[0.17141330242156982, 0.05611521750688553, 0.1796627938747406, 0.4213991165161133, 0.16991011798381805, 0.0014994810335338116]",AfD,GRÜNE
"[0.0018894679378718138, 0.007204909808933735, 0.4489711821079254, 0.051747292280197144, 0.0005016820505261421, 0.4896854758262634]",FDP,SPD
"[0.00031220633536577225, 0.0005352461594156921, 3.791192648350261e-05, 0.0013400353491306305, 0.997492790222168, 0.0002817795902956277]",LINKE,LINKE
"[0.0015310754533857107, 0.3019222617149353, 0.20133201777935028, 0.47616589069366455, 0.00625705998390913, 0.012791751883924007]",FDP,GRÜNE
"[0.00023572612553834915, 0.040223944932222366, 0.1928648203611374, 0.2195868343114853, 0.00032717714202590287, 0.5467614531517029]",SPD,SPD
"[0.0049269371666014194, 0.6781361699104309, 0.2758478820323944, 0.00566612184047699, 0.0010954231256619096, 0.034327443689107895]",CDU/CSU,CDU/CSU
"[0.00045860986574552953, 0.12681891024112701, 0.7605236172676086, 0.029805675148963928, 0.00016885731020011008, 0.08222432434558868]",FDP,FDP
"[0.006928588729351759, 0.6757107377052307, 0.0782463327050209, 0.09268349409103394, 0.14397718012332916, 0.0024536733981221914]",CDU/CSU,CDU/CSU
"[0.0012062841560691595, 0.5958205461502075, 0.3676975667476654, 0.02114654704928398, 0.009509035386145115, 0.0046200319193303585]",FDP,CDU/CSU
"[0.0014258358860388398, 0.2787720859050751, 0.013302664272487164, 0.20282918214797974, 0.11978857964277267, 0.3838815987110138]",SPD,SPD
"[0.16673757135868073, 0.004141530487686396, 0.8236197233200073, 0.002065526321530342, 0.0032479530200362206, 0.0001877102185972035]",FDP,FDP
"[0.0003457243728917092, 0.006512482184916735, 0.002124793827533722, 0.018806179985404015, 0.00023578487162012607, 0.9719750881195068]",SPD,SPD
"[0.00024015188682824373, 0.705468475818634, 0.019003620371222496, 0.006931805983185768, 0.00035381517955102026, 0.26800215244293213]",SPD,CDU/CSU
"[0.0001369089586660266, 0.13091008365154266, 0.006796942558139563, 0.042897116392850876, 0.001290581771172583, 0.8179683685302734]",SPD,SPD
"[0.0002529679622966796, 0.9668266177177429, 0.0006318447994999588, 0.0016550995642319322, 0.00022383341274689883, 0.030409662052989006]",CDU/CSU,CDU/CSU
"[0.7657256126403809, 0.23032324016094208, 0.001493161078542471, 0.00016804045299068093, 0.0016183092957362533, 0.0006715467316098511]",AfD,AfD
"[0.5741324424743652, 0.05189879983663559, 0.35858187079429626, 0.002532056998461485, 0.005236192140728235, 0.007618614938110113]",AfD,AfD
"[0.00012054540275130421, 0.00012202795915072784, 8.683703345013782e-05, 0.003405229188501835, 0.996059238910675, 0.00020617086556740105]",LINKE,LINKE
"[0.0001949039287865162, 0.986587643623352, 0.0032899961806833744, 0.0013048135442659259, 0.000147951694088988, 0.008474689908325672]",CDU/CSU,CDU/CSU
"[0.0005117814289405942, 0.5135312080383301, 0.48222073912620544, 0.0010953407036140561, 0.0006248683203011751, 0.00201605586335063]",CDU/CSU,CDU/CSU
"[0.0017700926400721073, 0.5491383671760559, 0.126352459192276, 0.01977778784930706, 0.001336812973022461, 0.3016244173049927]",FDP,CDU/CSU
"[0.8030951023101807, 0.18926024436950684, 0.002380672376602888, 0.0006995477015152574, 0.0013300217688083649, 0.0032343845814466476]",AfD,AfD
"[0.001295194961130619, 0.18663336336612701, 0.7329995632171631, 0.011740265414118767, 0.0007452004356309772, 0.06658637523651123]",FDP,FDP
"[0.0003338618262205273, 0.11488276720046997, 0.0783526822924614, 0.7974775433540344, 0.002889712108299136, 0.006063348148018122]",GRÜNE,GRÜNE
"[0.0033495817333459854, 0.007158400025218725, 0.01284917164593935, 0.3660697042942047, 0.04787909984588623, 0.5626940727233887]",GRÜNE,SPD
"[0.00010725237370934337, 0.09329136461019516, 0.08330543339252472, 0.028506897389888763, 0.000689492211677134, 0.7940995693206787]",SPD,SPD
"[0.0004780271847266704, 8.485707076033577e-05, 0.0005037709488533437, 0.000791382510215044, 0.9980385303497314, 0.00010346367344027385]",LINKE,LINKE
"[0.9995266199111938, 0.00018054424435831606, 9.524480265099555e-05, 4.2418818338774145e-05, 0.00011466440628282726, 4.0592691220808774e-05]",AfD,AfD
"[0.0003149731201119721, 0.014461498707532883, 0.9707915782928467, 0.009207353927195072, 0.00030431896448135376, 0.0049202884547412395]",FDP,FDP
"[0.0002661517355591059, 0.11483361572027206, 0.16054409742355347, 0.4075942635536194, 0.0005255117430351675, 0.31623631715774536]",GRÜNE,GRÜNE
"[0.0015727415448054671, 0.30190327763557434, 0.15672996640205383, 0.07303541153669357, 0.4530721604824066, 0.013686458580195904]",LINKE,LINKE
"[0.0002585597394499928, 0.25768575072288513, 0.009156845510005951, 0.04221427068114281, 0.0002865948190446943, 0.6903979778289795]",SPD,SPD
"[0.00029925614944659173, 0.3705110549926758, 0.5701811909675598, 0.0005917187663726509, 0.00042635193676687777, 0.057990312576293945]",CDU/CSU,FDP
"[0.0030858006794005632, 0.04947509244084358, 0.01372197549790144, 0.165543332695961, 0.5733065009117126, 0.1948673129081726]",LINKE,LINKE
"[0.0001820468169171363, 0.0014108638279139996, 0.00024508737260475755, 0.0022568111307919025, 0.00041633780347183347, 0.9954888820648193]",SPD,SPD
"[0.0035001395735889673, 0.00033556323614902794, 0.00030624272767454386, 0.00021342835680115968, 0.9947661757469177, 0.0008784856181591749]",LINKE,LINKE
"[0.00018481805454939604, 0.004019897896796465, 0.02034577913582325, 0.3933367431163788, 0.00020016725466120988, 0.5819125771522522]",SPD,SPD
"[0.00014980723790358752, 0.06596166640520096, 0.3145390748977661, 0.3249261677265167, 0.002047984628006816, 0.2923753261566162]",FDP,GRÜNE
"[0.00013499839405994862, 0.00041813470306806266, 0.0004872918070759624, 0.9969536662101746, 0.0005452015320770442, 0.0014606338227167726]",GRÜNE,GRÜNE
"[0.004031471908092499, 0.24259579181671143, 0.05317074432969093, 0.280036598443985, 0.005082006100565195, 0.4150834083557129]",SPD,SPD
"[0.00013833462435286492, 0.0005241447361186147, 7.311110675800592e-05, 0.0002467285667080432, 0.9989312291145325, 8.639867883175611e-05]",LINKE,LINKE
"[0.014695328660309315, 0.16708949208259583, 0.8058233261108398, 0.00783743616193533, 0.003970098216086626, 0.0005842829705215991]",FDP,FDP
"[0.03366927430033684, 0.210804283618927, 0.2017485648393631, 0.1256386637687683, 0.014445021748542786, 0.41369420289993286]",GRÜNE,SPD
"[0.00029220967553555965, 0.9890245199203491, 0.007027604151517153, 0.0014439275255426764, 0.0008136691176332533, 0.0013980527874082327]",CDU/CSU,CDU/CSU
"[0.9241159558296204, 0.016679607331752777, 0.05497412011027336, 0.0007013554568402469, 0.0030280034989118576, 0.0005009736050851643]",AfD,AfD
"[0.39681804180145264, 0.22302694618701935, 0.16425758600234985, 0.027437003329396248, 0.1595115065574646, 0.02894892729818821]",LINKE,AfD
"[0.4173614978790283, 0.016837868839502335, 0.042935170233249664, 0.02734995260834694, 0.4791715443134308, 0.016343973577022552]",CDU/CSU,LINKE
"[0.11076182126998901, 0.030114389955997467, 0.00943231675773859, 0.001194345997646451, 0.848171591758728, 0.0003255560004618019]",AfD,LINKE
"[0.001968666212633252, 0.3044961392879486, 0.007289846893399954, 0.1560175120830536, 0.0058386907912790775, 0.5243892073631287]",CDU/CSU,SPD
"[0.0004484735254663974, 0.15037241578102112, 0.03510570153594017, 0.7347202301025391, 0.0006449957727454603, 0.07870811223983765]",GRÜNE,GRÜNE
"[0.00025793889653868973, 0.04472509026527405, 0.5794789791107178, 0.018710782751441002, 0.00011776218161685392, 0.35670948028564453]",SPD,FDP
"[0.9984854459762573, 0.00011050624016206712, 0.00013941570068709552, 7.455697050318122e-05, 0.0011508045718073845, 3.925572309526615e-05]",AfD,AfD
"[0.9961172342300415, 0.0003857443807646632, 0.0003727825533133, 8.301672642119229e-05, 0.002950833411887288, 9.046649938682094e-05]",AfD,AfD
"[0.00044803720084019005, 0.0009518679580651224, 0.01456476654857397, 0.7346639037132263, 0.0028145622927695513, 0.2465568631887436]",SPD,GRÜNE
"[0.00026936689391732216, 0.060095638036727905, 0.0061536566354334354, 0.04741442948579788, 0.011606955900788307, 0.8744599223136902]",GRÜNE,SPD
"[0.00040467039798386395, 0.004800629802048206, 0.04141782596707344, 0.5952014327049255, 0.00027589211822487414, 0.35789954662323]",GRÜNE,GRÜNE
"[0.0004281671717762947, 0.00045616301940754056, 0.9972184896469116, 0.0007058379123918712, 6.684834079351276e-05, 0.0011245470959693193]",FDP,FDP
"[0.0007319587166421115, 0.997501790523529, 0.0004407156375236809, 7.322068995563313e-05, 0.0007294611423276365, 0.0005228519439697266]",CDU/CSU,CDU/CSU
"[0.06678568571805954, 0.014034927822649479, 0.9155914187431335, 0.00172852270770818, 0.0015702712116762996, 0.0002891866024583578]",FDP,FDP
"[0.017920028418302536, 0.5969749689102173, 0.3806903660297394, 0.0010765180923044682, 0.002020114567130804, 0.0013179355300962925]",CDU/CSU,CDU/CSU
"[0.00015296589117497206, 0.0002801882801577449, 0.9985384941101074, 0.00022250760230235755, 0.00013012145063839853, 0.0006757456576451659]",FDP,FDP
"[0.0010739447316154838, 0.9186771512031555, 0.009931234642863274, 0.018860841169953346, 0.03339974209666252, 0.018057098612189293]",CDU/CSU,CDU/CSU
"[0.0005463468842208385, 0.021687660366296768, 0.025109698995947838, 0.0716848149895668, 0.0032667939085513353, 0.8777046799659729]",SPD,SPD
"[0.00045581700396724045, 0.0010673042852431536, 8.201530727092177e-05, 0.0024416374508291483, 0.994162917137146, 0.0017902939580380917]",LINKE,LINKE
"[0.00045659870374947786, 0.7203211188316345, 0.0829213410615921, 0.02378297597169876, 0.0012751973699778318, 0.1712428331375122]",CDU/CSU,CDU/CSU
"[0.00039698719047009945, 0.3289327323436737, 0.3346139192581177, 0.030888164415955544, 0.00042277658940292895, 0.30474546551704407]",CDU/CSU,FDP
"[0.0004699410346802324, 0.9898123741149902, 0.007214097306132317, 0.0004233962681610137, 0.0015928791835904121, 0.00048747481196187437]",CDU/CSU,CDU/CSU
"[0.0018294944893568754, 0.003827917855232954, 0.008264138363301754, 0.45839327573776245, 0.5230872631072998, 0.004597892053425312]",LINKE,LINKE
"[0.004663889296352863, 0.000265830458374694, 0.0010953993769362569, 0.002812265185639262, 0.9900542497634888, 0.0011083116987720132]",LINKE,LINKE
"[0.00025697288219816983, 0.006880199536681175, 0.004819269757717848, 0.9454253315925598, 0.03182947263121605, 0.010788715444505215]",LINKE,GRÜNE
"[0.0004121239762753248, 0.02695421874523163, 0.001037840498611331, 0.9562236666679382, 0.012523006647825241, 0.0028491769917309284]",GRÜNE,GRÜNE
"[0.9826717376708984, 0.00369765586219728, 0.012564016506075859, 0.0004678083641920239, 0.00018926184566225857, 0.00040949357207864523]",AfD,AfD
"[0.00021688014385290444, 0.8824812769889832, 0.06965869665145874, 0.0013967715203762054, 0.00036010504118166864, 0.04588625952601433]",CDU/CSU,CDU/CSU
"[0.00016896071610972285, 0.0028664260171353817, 0.0008567327749915421, 0.38046735525131226, 0.5832400321960449, 0.03240048885345459]",SPD,LINKE
"[0.007924227975308895, 0.4538028836250305, 0.4427900016307831, 0.003992496989667416, 0.0037436296697705984, 0.087746761739254]",FDP,CDU/CSU
"[0.9993141293525696, 0.00022026023361831903, 0.00017108680913224816, 4.95193999086041e-05, 0.00019967835396528244, 4.541606176644564e-05]",AfD,AfD
"[0.001214967924170196, 0.2540140748023987, 0.0011361244833096862, 0.031412139534950256, 0.7114303112030029, 0.0007923608063720167]",LINKE,LINKE
"[0.000988494954071939, 0.032642167061567307, 0.18450789153575897, 0.12559276819229126, 0.0019353479146957397, 0.6543334126472473]",SPD,SPD
"[0.00042236087028868496, 0.9945282340049744, 0.0013531978474929929, 0.001394534599967301, 0.0006388539914041758, 0.001662879134528339]",CDU/CSU,CDU/CSU
"[0.0004108530411031097, 0.661224901676178, 0.27001532912254333, 0.0046303533017635345, 0.00022507928952109069, 0.06349346786737442]",CDU/CSU,CDU/CSU
"[0.00030834932113066316, 0.006281200796365738, 0.017031874507665634, 0.4514935612678528, 0.0004166383878327906, 0.5244684219360352]",SPD,SPD
"[0.0004706562031060457, 0.0003604996018111706, 0.0017135742818936706, 0.6244927048683167, 0.00036213407292962074, 0.3726004660129547]",GRÜNE,GRÜNE
"[0.00023914124176371843, 0.9382553100585938, 0.0023949434980750084, 0.0014843442477285862, 0.0005178663413971663, 0.057108379900455475]",CDU/CSU,CDU/CSU
"[0.9356279969215393, 0.038494713604450226, 0.01893099769949913, 0.0009878183482214808, 0.004376003984361887, 0.001582465716637671]",AfD,AfD
"[0.0003524976782500744, 0.0026183947920799255, 0.006836490239948034, 0.8557807207107544, 0.004984553437680006, 0.12942734360694885]",GRÜNE,GRÜNE
"[0.8866898417472839, 0.058478523045778275, 0.01735580712556839, 0.0032581177074462175, 0.0065843043848872185, 0.027633406221866608]",AfD,AfD
"[0.004994147922843695, 0.48877963423728943, 0.050970155745744705, 0.034009043127298355, 0.09741651266813278, 0.3238304853439331]",LINKE,CDU/CSU
"[0.0001072770610335283, 0.004681879188865423, 0.0026949604507535696, 0.0011352711590006948, 0.00010909989214269444, 0.9912715554237366]",SPD,SPD
"[0.4552481174468994, 0.03289783373475075, 0.5103005766868591, 0.00038238236447796226, 0.0006025321781635284, 0.0005684696952812374]",FDP,FDP
"[0.9977280497550964, 0.0008049626485444605, 0.0011511758202686906, 0.0001554889022372663, 5.188641443965025e-05, 0.00010843150084838271]",AfD,AfD
"[0.00014698278391733766, 0.45701101422309875, 0.020200058817863464, 0.0028011933900415897, 0.0005360575160011649, 0.519304633140564]",SPD,SPD
"[0.0003533001581672579, 0.6668109893798828, 0.0010772970272228122, 0.007744455244392157, 0.00088666588999331, 0.32312723994255066]",CDU/CSU,CDU/CSU
"[0.0017371771391481161, 0.4411437511444092, 0.24291002750396729, 0.028242716565728188, 0.06651540100574493, 0.2194509208202362]",LINKE,CDU/CSU
"[0.00017738493625074625, 0.769993007183075, 0.0022333578672260046, 0.0014867635909467936, 0.0002613760298117995, 0.22584804892539978]",CDU/CSU,CDU/CSU
"[0.0009139024186879396, 0.040798209607601166, 0.5439497232437134, 0.10782432556152344, 0.0006739621749147773, 0.3058398962020874]",FDP,FDP
"[0.00031177327036857605, 0.47468239068984985, 0.45918023586273193, 0.060526154935359955, 0.0024379598908126354, 0.0028614194598048925]",GRÜNE,CDU/CSU
"[0.011035311967134476, 0.014140762388706207, 0.0883484035730362, 0.18193380534648895, 0.09732241183519363, 0.6072192788124084]",SPD,SPD
"[0.04279050603508949, 0.2532847821712494, 0.6804781556129456, 0.004721339326351881, 0.002556940307840705, 0.016168253496289253]",AfD,FDP
"[0.0003840451536234468, 0.9292888641357422, 0.04279032722115517, 0.0019272344652563334, 0.005148059222847223, 0.02046153135597706]",CDU/CSU,CDU/CSU
"[0.5823266506195068, 0.13493074476718903, 0.027725618332624435, 0.03441120684146881, 0.0061416905373334885, 0.21446403861045837]",AfD,AfD
"[0.0012417483376339078, 0.06955759972333908, 0.20944269001483917, 0.3993977904319763, 0.1358882635831833, 0.18447187542915344]",SPD,GRÜNE
"[0.00020353062427602708, 0.06183639168739319, 0.4127463698387146, 0.03536976873874664, 0.0001645031152293086, 0.4896794259548187]",SPD,SPD
"[0.0001553665497340262, 0.9984112977981567, 0.0006061478052288294, 0.00018501555314287543, 0.00014398722851183265, 0.0004981081583537161]",CDU/CSU,CDU/CSU
"[0.00015589004033245146, 0.0005694803548976779, 0.9938403964042664, 0.0006729815504513681, 0.00011326667299726978, 0.004648076370358467]",FDP,FDP
"[0.00036409724270924926, 0.686947226524353, 0.0410933718085289, 0.024734977632761, 0.001964292488992214, 0.2448960244655609]",CDU/CSU,CDU/CSU
"[0.00023477284412365407, 0.0014572682557627559, 0.000648193177767098, 0.004971859976649284, 0.00017860766092780977, 0.9925093054771423]",SPD,SPD
"[0.00044697013800032437, 0.8996246457099915, 0.00893263891339302, 0.0004787393845617771, 0.0002011052129091695, 0.09031590074300766]",CDU/CSU,CDU/CSU
"[0.0004788249498233199, 0.4195825159549713, 0.13290388882160187, 0.24898628890514374, 0.0005562205915339291, 0.19749228656291962]",CDU/CSU,CDU/CSU
"[0.0002893534256145358, 0.9648345112800598, 0.004773299675434828, 0.0020840123761445284, 0.0003353613428771496, 0.027683384716510773]",CDU/CSU,CDU/CSU
"[9.733851038618013e-05, 6.556641892530024e-05, 4.4283799070399255e-05, 0.00039583552279509604, 0.9993084669113159, 8.855183114064857e-05]",LINKE,LINKE
"[0.00043765848386101425, 0.001247991225682199, 0.0006040787557139993, 0.1317247897386551, 0.8556048274040222, 0.01038064993917942]",GRÜNE,LINKE
"[0.9969342947006226, 0.001164072542451322, 0.0013802646426483989, 0.00018693736637942493, 0.0002127945626853034, 0.00012168937973910943]",AfD,AfD
"[0.005999731365591288, 0.608413815498352, 0.2834918797016144, 0.06553496420383453, 0.016810238361358643, 0.019749358296394348]",LINKE,CDU/CSU
"[0.00026740043540485203, 0.05943334102630615, 0.051584336906671524, 0.21126337349414825, 0.00039525702595710754, 0.6770562529563904]",FDP,SPD
"[0.0007836974691599607, 0.001610381412319839, 0.03490067645907402, 0.001957278000190854, 0.0006934536504559219, 0.9600545167922974]",SPD,SPD
"[0.00026931610773317516, 0.00024192847195081413, 0.00015609011461492628, 0.04435719922184944, 0.9522920846939087, 0.002683395752683282]",LINKE,LINKE
"[0.015309815295040607, 0.19258323311805725, 0.2896272540092468, 0.14743146300315857, 0.028284888714551926, 0.3267633616924286]",GRÜNE,SPD
"[0.05736541375517845, 0.46948951482772827, 0.1382829248905182, 0.02454766444861889, 0.08074907958507538, 0.22956541180610657]",CDU/CSU,CDU/CSU
"[0.00032661331351846457, 0.21933798491954803, 0.01844652183353901, 0.04431532695889473, 0.0012138598831370473, 0.7163596153259277]",SPD,SPD
"[0.003928682766854763, 0.0411171093583107, 0.43210577964782715, 0.5161375403404236, 0.006086933426558971, 0.000623936764895916]",FDP,GRÜNE
"[0.0013641456607729197, 0.0007586723659187555, 0.3664737343788147, 0.2174459993839264, 0.0009251570445485413, 0.41303229331970215]",SPD,SPD
"[0.0003358555259183049, 0.0015943723265081644, 0.00018572070985101163, 0.012617324478924274, 0.9800633192062378, 0.005203390493988991]",LINKE,LINKE
"[0.0001746079360600561, 0.002838908927515149, 0.0008014719933271408, 0.4985616207122803, 0.4951202869415283, 0.002503103343769908]",GRÜNE,GRÜNE
"[0.9990971088409424, 0.00046350908814929426, 0.00013594677147921175, 3.956276850658469e-05, 0.00020912404579576105, 5.4820287914481014e-05]",AfD,AfD
"[0.7744995355606079, 0.06656010448932648, 0.06571151316165924, 0.04483139514923096, 0.0332426019012928, 0.015154829248785973]",AfD,AfD
"[0.0008988620829768479, 0.2665724456310272, 0.2677671015262604, 0.17357617616653442, 0.25853756070137024, 0.03264782205224037]",SPD,FDP
"[0.0002699257165659219, 0.6681148409843445, 0.0027975330594927073, 0.2440304309129715, 0.001095617190003395, 0.08369167149066925]",CDU/CSU,CDU/CSU
"[0.00015346675354521722, 0.000890066847205162, 0.0015766756841912866, 0.9628227949142456, 0.0005652086692862213, 0.03399180248379707]",GRÜNE,GRÜNE
"[0.0003708905423991382, 0.6640816330909729, 0.17834872007369995, 0.01962089352309704, 0.0004631758783943951, 0.13711464405059814]",CDU/CSU,CDU/CSU
"[0.0003132408601231873, 0.9919698238372803, 0.0031089670956134796, 0.00019621032697614282, 0.0002885950671043247, 0.004123032093048096]",CDU/CSU,CDU/CSU
"[0.00029000674840062857, 0.6329381465911865, 0.008734257891774178, 0.00661835353821516, 0.001019488088786602, 0.3503997325897217]",CDU/CSU,CDU/CSU
"[0.9993307590484619, 0.00015427748439833522, 0.0001008339604595676, 5.171875818632543e-05, 0.0002851251629181206, 7.728436321485788e-05]",AfD,AfD
"[0.11899059265851974, 0.7475816011428833, 0.039052076637744904, 0.08824801445007324, 0.004287621937692165, 0.0018401957349851727]",CDU/CSU,CDU/CSU
"[0.0014484121929854155, 0.5330797433853149, 0.27333611249923706, 0.14474307000637054, 0.03682532161474228, 0.01056738756597042]",LINKE,CDU/CSU
"[0.0017103656427934766, 0.19469060003757477, 0.05715963989496231, 0.615083634853363, 0.1280926614999771, 0.003263122169300914]",GRÜNE,GRÜNE
"[0.0028189285658299923, 0.1579851359128952, 0.7230795621871948, 0.04720669239759445, 0.00612816633656621, 0.06278152763843536]",FDP,FDP
"[0.0009122580522671342, 0.004149043466895819, 0.004194479435682297, 0.012113657779991627, 0.9721750617027283, 0.006455518305301666]",LINKE,LINKE
"[0.0003385182935744524, 0.0006771802436560392, 0.0015215850435197353, 0.49276185035705566, 0.00025353848468512297, 0.504447340965271]",SPD,SPD
"[0.02312057465314865, 0.8768054246902466, 0.02694651670753956, 0.00855051539838314, 0.002605948830023408, 0.06197096407413483]",CDU/CSU,CDU/CSU
"[0.0013457225868478417, 0.4243850111961365, 0.05311870947480202, 0.19350045919418335, 0.00933828204870224, 0.31831181049346924]",SPD,CDU/CSU
"[0.007628483232110739, 0.9848769903182983, 0.004662954248487949, 0.00023818892077542841, 0.0013460931368172169, 0.001247237902134657]",CDU/CSU,CDU/CSU
"[0.00044058423372916877, 0.012371900491416454, 0.5729967355728149, 0.12483952939510345, 0.0005899928510189056, 0.28876134753227234]",FDP,FDP
"[0.00032930809538811445, 0.0022989055141806602, 0.0006141295307315886, 0.9646303653717041, 0.0010574179468676448, 0.03106985241174698]",GRÜNE,GRÜNE
"[0.9531675577163696, 0.005276479292660952, 0.038572560995817184, 0.0019116473849862814, 0.0003371360362507403, 0.0007345298654399812]",AfD,AfD
"[0.00018006525351665914, 0.7771714329719543, 0.2101014107465744, 0.0029689071234315634, 0.00019665493164211512, 0.009381529875099659]",CDU/CSU,CDU/CSU
"[0.00025478919269517064, 0.07303714007139206, 0.0020455133635550737, 0.1151140034198761, 0.0005628918879665434, 0.8089856505393982]",SPD,SPD
"[0.00021999746968504041, 0.2698139250278473, 0.6925768256187439, 0.005124501418322325, 0.0005790193099528551, 0.03168576583266258]",CDU/CSU,FDP
"[0.00020115253573749214, 0.010379745624959469, 0.8162426352500916, 0.07899510860443115, 0.00017390423454344273, 0.09400743991136551]",FDP,FDP
"[0.00024851318448781967, 0.19065570831298828, 0.7349293231964111, 0.0042398530058562756, 0.00024663368822075427, 0.06967993825674057]",FDP,FDP
"[0.017732946202158928, 0.5442671775817871, 0.4176452159881592, 0.004482455551624298, 0.011264491826295853, 0.0046077086590230465]",CDU/CSU,CDU/CSU
"[0.0005645872442983091, 0.0015079658478498459, 0.960825502872467, 0.03342801705002785, 0.00017387916159350425, 0.003500138409435749]",FDP,FDP
"[0.0006662900559604168, 0.5717390179634094, 0.11614568531513214, 0.012538470327854156, 0.0003809169866144657, 0.29852962493896484]",CDU/CSU,CDU/CSU
"[0.0020579302217811346, 0.2530582845211029, 0.014226284809410572, 0.00716811791062355, 0.008998877368867397, 0.7144905924797058]",SPD,SPD
"[0.48866498470306396, 0.014550021849572659, 0.0053953733295202255, 0.3772484362125397, 0.11244787275791168, 0.0016932983417063951]",AfD,AfD
"[0.0006557911401614547, 0.0023427768610417843, 0.8256614804267883, 0.021133264526724815, 0.00046771083725616336, 0.14973902702331543]",SPD,FDP
"[0.0005475632497109473, 0.005260036792606115, 0.14356842637062073, 0.8441072106361389, 0.0012568010715767741, 0.005259970668703318]",GRÜNE,GRÜNE
"[0.9870856404304504, 0.001648174598813057, 0.0011836079647764564, 0.0004951597074978054, 0.009012836031615734, 0.0005746230017393827]",AfD,AfD
"[0.0005932679632678628, 0.0003102814662270248, 0.00021386833395808935, 0.0006343268323689699, 0.9980730414390564, 0.0001751635572873056]",LINKE,LINKE
"[0.000379869801690802, 0.040964510291814804, 0.03894994407892227, 0.8784492611885071, 0.003980567678809166, 0.03727584704756737]",GRÜNE,GRÜNE
"[0.5469685792922974, 0.415982186794281, 0.029099665582180023, 0.0008179565193131566, 0.005900031886994839, 0.0012316752690821886]",AfD,AfD
"[0.000440129020716995, 0.17839768528938293, 0.12103599309921265, 0.12192799896001816, 0.0006416403339244425, 0.5775565505027771]",SPD,SPD
"[0.004192260559648275, 0.2285228967666626, 0.39788904786109924, 0.19665230810642242, 0.023237207904458046, 0.14950622618198395]",GRÜNE,FDP
"[0.00038935066550038755, 0.0001299711293540895, 6.802337884437293e-05, 0.00027094926917925477, 0.9990679621696472, 7.383868069155142e-05]",LINKE,LINKE
"[0.0008985251188278198, 0.007803469896316528, 0.2484375238418579, 0.7373736500740051, 0.0004085313994437456, 0.005078266374766827]",GRÜNE,GRÜNE
"[0.0007620514370501041, 0.46704211831092834, 0.07910159975290298, 0.1770343780517578, 0.013114850968122482, 0.2629449665546417]",CDU/CSU,CDU/CSU
"[0.00020084131392650306, 0.00020225168555043638, 0.0003569157561287284, 0.0037907434161752462, 0.9952319264411926, 0.00021739218209404498]",LINKE,LINKE
"[0.0007136809290386736, 0.07380849868059158, 0.18371765315532684, 0.3673582375049591, 0.0004570519959088415, 0.37394484877586365]",GRÜNE,SPD
"[0.0013665581354871392, 0.2696826756000519, 0.4285353720188141, 0.01730700209736824, 0.0009817922255024314, 0.28212660551071167]",FDP,FDP
"[0.0005111731006763875, 0.0012111470568925142, 0.0002976418472826481, 0.11200693994760513, 0.8767977356910706, 0.009175356477499008]",LINKE,LINKE
"[0.000463556672912091, 0.006953879725188017, 0.00012621248606592417, 0.0008526763413101435, 0.9912375211715698, 0.00036613171687349677]",LINKE,LINKE
"[0.006154186092317104, 0.4772123694419861, 0.18632325530052185, 0.05943889543414116, 0.005130268167704344, 0.2657410204410553]",CDU/CSU,CDU/CSU
"[0.6728317141532898, 0.06372501701116562, 0.10794874280691147, 0.014013095758855343, 0.007362081203609705, 0.1341194063425064]",AfD,AfD
"[0.0006830621277913451, 0.0806383565068245, 0.9166052937507629, 0.0015146408695727587, 0.00031722994754090905, 0.00024143274640664458]",FDP,FDP
"[0.00025662503321655095, 0.0012717442587018013, 0.0008379838545806706, 0.020458528771996498, 0.010835804976522923, 0.9663392901420593]",SPD,SPD
"[0.00023292857804335654, 0.0002584177127573639, 0.9984480142593384, 0.00034642318496480584, 0.0004599386011250317, 0.00025430513778701425]",FDP,FDP
"[0.0028438312001526356, 0.007667853496968746, 0.03043404594063759, 0.9102112054824829, 0.04738100990653038, 0.0014620628207921982]",GRÜNE,GRÜNE
"[0.002303412416949868, 0.8282423615455627, 0.001302187331020832, 0.1572900265455246, 0.003541363403201103, 0.007320761680603027]",CDU/CSU,CDU/CSU
"[0.0003042536263819784, 0.32453784346580505, 0.03035249374806881, 0.03353657200932503, 0.0007187572191469371, 0.6105499863624573]",CDU/CSU,SPD
"[0.0004825495125260204, 0.6530604958534241, 0.27711477875709534, 0.04946644976735115, 0.0035095836501568556, 0.01636612042784691]",CDU/CSU,CDU/CSU
"[0.00043102470226585865, 0.0009335876093246043, 0.02298896200954914, 0.05565601587295532, 0.0007897908799350262, 0.919200599193573]",SPD,SPD
"[0.0004162412660662085, 0.5689998269081116, 0.2789543569087982, 0.05837903544306755, 0.004991555120795965, 0.0882590189576149]",FDP,CDU/CSU
"[0.438883900642395, 0.035984721034765244, 0.24912476539611816, 0.017863212153315544, 0.23922379314899445, 0.018919596448540688]",AfD,AfD
"[0.00048128850175999105, 0.5882344245910645, 0.21482370793819427, 0.02677197940647602, 0.0011347534600645304, 0.16855382919311523]",FDP,CDU/CSU
"[0.0006299021770246327, 0.23165960609912872, 0.03876340016722679, 0.0021968192886561155, 0.0006789498147554696, 0.7260713577270508]",SPD,SPD
"[0.0020628662314265966, 0.048245854675769806, 0.0018609246471896768, 0.7233900427818298, 0.09980064630508423, 0.12463968247175217]",LINKE,GRÜNE
"[0.0002951498900074512, 0.010631469078361988, 0.8189144730567932, 0.16643279790878296, 0.001847891602665186, 0.001878177747130394]",FDP,FDP
"[0.008697439916431904, 0.1326884776353836, 0.046621207147836685, 0.0035568680614233017, 0.7459061741828918, 0.06252984702587128]",LINKE,LINKE
"[0.000444142147898674, 0.001098938868381083, 0.019957011565566063, 0.3363497257232666, 0.000387553678592667, 0.6417626738548279]",SPD,SPD
"[0.9992807507514954, 0.00031288780155591667, 0.00011349818669259548, 5.168521965970285e-05, 0.00018019677372649312, 6.0975708038313314e-05]",AfD,AfD
"[0.00028461666079238057, 0.0001496230106567964, 0.0003351069171912968, 0.0013458150206133723, 0.9976480603218079, 0.00023682150640524924]",LINKE,LINKE
"[0.0003084158815909177, 0.0025052218697965145, 9.542353654978797e-05, 0.00044596800580620766, 0.9963598251342773, 0.000285168964182958]",LINKE,LINKE
"[0.00013794620463158935, 0.011802689172327518, 0.014758777804672718, 0.8705354928970337, 0.0029725527856498957, 0.0997924879193306]",FDP,GRÜNE
"[0.9985834360122681, 0.000202585753868334, 0.0008837332134135067, 8.552926738047972e-05, 0.00018975498096551746, 5.500655606738292e-05]",AfD,AfD
"[0.00024876484530977905, 0.7847954034805298, 0.06588894128799438, 0.016647713258862495, 0.0002089076879201457, 0.13221025466918945]",CDU/CSU,CDU/CSU
"[0.1648254543542862, 0.12631730735301971, 0.03554452583193779, 0.23718087375164032, 0.007756976876407862, 0.42837491631507874]",SPD,SPD
"[0.0006948906811885536, 0.06550902873277664, 0.313943475484848, 0.2187250405550003, 0.16422463953495026, 0.23690296709537506]",FDP,FDP
"[0.00045125652104616165, 0.9718168377876282, 0.016184238716959953, 0.0055853319354355335, 0.0001749998627929017, 0.005787316244095564]",CDU/CSU,CDU/CSU
"[0.0005650136736221611, 0.006949286442250013, 0.0012648451374843717, 0.16548697650432587, 0.215936541557312, 0.6097972989082336]",LINKE,SPD
"[0.00012562416668515652, 0.00010829480743268505, 7.428463140968233e-05, 0.001243004808202386, 0.9982543587684631, 0.00019438061281107366]",LINKE,LINKE
"[0.000502136826980859, 0.12163909524679184, 0.3553551137447357, 0.49488845467567444, 0.0011172635713592172, 0.026497894898056984]",FDP,GRÜNE
"[0.00032868681591935456, 0.8269925713539124, 0.0035790670663118362, 0.0004153645713813603, 0.0001843158679548651, 0.1684999167919159]",CDU/CSU,CDU/CSU
"[0.00016611444880254567, 0.061710309237241745, 0.014225076884031296, 0.07162882387638092, 0.00026858781347982585, 0.8520010709762573]",SPD,SPD
"[0.18362915515899658, 0.30987581610679626, 0.17171184718608856, 0.007836437784135342, 0.004456991795450449, 0.32248976826667786]",FDP,SPD
"[0.00018666937830857933, 0.00827307254076004, 0.9493639469146729, 0.03529161214828491, 0.00012442638399079442, 0.00676026102155447]",FDP,FDP
"[0.0005518377292901278, 0.17825035750865936, 0.05422220006585121, 0.2017066478729248, 0.0007144392002373934, 0.5645545721054077]",CDU/CSU,SPD
"[0.8870136737823486, 0.004197855480015278, 0.023130079731345177, 0.006352859083563089, 0.07780662178993225, 0.0014989366754889488]",AfD,AfD
"[0.0003488451475277543, 0.0001469518756493926, 4.050854477100074e-05, 0.00027806227444671094, 0.9990590214729309, 0.00012663780944421887]",LINKE,LINKE
"[0.0008094328222796321, 0.08493436872959137, 0.003234307514503598, 0.7468470335006714, 0.00033001191332004964, 0.16384485363960266]",GRÜNE,GRÜNE
"[0.00016119267093017697, 0.12878426909446716, 0.00843045674264431, 0.039739929139614105, 0.001072525279596448, 0.8218116760253906]",SPD,SPD
"[0.00034218659857288003, 0.4125175476074219, 0.002204987918958068, 0.02815409004688263, 0.0004645389271900058, 0.5563166737556458]",SPD,SPD
"[0.0005512134521268308, 0.5133699774742126, 0.42808830738067627, 0.0239137951284647, 0.0004923146334476769, 0.03358440846204758]",GRÜNE,CDU/CSU
"[0.00030189150129444897, 0.1416851431131363, 0.011532660573720932, 0.008027526549994946, 0.00015619245823472738, 0.83829665184021]",SPD,SPD
"[0.0001724183966871351, 0.317276269197464, 0.02032962441444397, 0.02899722382426262, 0.0028379710856825113, 0.630386471748352]",SPD,SPD
"[0.0006133806891739368, 0.5406665802001953, 0.004664100706577301, 0.015070643275976181, 0.0007230349583551288, 0.4382622539997101]",CDU/CSU,CDU/CSU
"[0.0005145507748238742, 0.12388172745704651, 0.8699460625648499, 0.004226265009492636, 0.00016390263044741005, 0.0012674889294430614]",FDP,FDP
"[0.008050343953073025, 0.03938033804297447, 0.18723322451114655, 0.3489225208759308, 0.0005043880082666874, 0.41590920090675354]",FDP,SPD
"[0.0004544109106063843, 0.06764132529497147, 0.03203393146395683, 0.6255493760108948, 0.017887543886899948, 0.2564334571361542]",GRÜNE,GRÜNE
"[0.00015700218500569463, 0.04105857387185097, 0.00037236526259221137, 0.006122133228927851, 0.00024561979807913303, 0.9520443081855774]",SPD,SPD
"[0.0006063802284188569, 0.004085339140146971, 0.0002855141647160053, 0.45831626653671265, 0.18628807365894318, 0.3504183888435364]",GRÜNE,GRÜNE
"[0.0005323709337972105, 0.7274782061576843, 0.1772463619709015, 0.003862505778670311, 0.0010076140752062201, 0.08987293392419815]",CDU/CSU,CDU/CSU
"[0.9981944561004639, 0.0002186791243730113, 0.001187730929814279, 0.00012080631131539121, 0.0001862451754277572, 9.206632239511237e-05]",AfD,AfD
"[0.00022093516599852592, 0.7580955028533936, 0.033832814544439316, 0.019868742674589157, 0.0015199985355138779, 0.18646200001239777]",CDU/CSU,CDU/CSU
"[0.0029578586108982563, 0.8738328218460083, 0.11703978478908539, 0.0015690720174461603, 0.0007956110639497638, 0.0038048955611884594]",CDU/CSU,CDU/CSU
"[0.0011110216146335006, 0.0003420027787797153, 0.3538907766342163, 0.3651866912841797, 0.0010222838027402759, 0.2784472107887268]",GRÜNE,GRÜNE
"[0.00014287920203059912, 0.006668872199952602, 0.017609212547540665, 0.48573148250579834, 0.001727486029267311, 0.48812007904052734]",SPD,SPD
"[0.0007218720274977386, 0.9208517074584961, 0.07317101210355759, 0.0007667689933441579, 0.0017996920505538583, 0.0026890654116868973]",CDU/CSU,CDU/CSU
"[0.0016674817306920886, 0.30486154556274414, 0.05211780592799187, 0.0014126506866887212, 0.0006400474230758846, 0.6393004059791565]",SPD,SPD
"[0.001786131295375526, 0.0035843634977936745, 0.002746063517406583, 0.26359879970550537, 0.7278043627738953, 0.0004803653573617339]",LINKE,LINKE
"[0.0001567133003845811, 0.8802357316017151, 0.033445123583078384, 0.0011816591722890735, 0.0006520356400869787, 0.08432880789041519]",CDU/CSU,CDU/CSU
"[0.0017955265939235687, 0.672839879989624, 0.1481977254152298, 0.1543896198272705, 0.0002488570171408355, 0.022528385743498802]",CDU/CSU,CDU/CSU
"[0.0007797339931130409, 0.34685611724853516, 0.0013429304817691445, 0.5531561374664307, 0.0035371212288737297, 0.09432792663574219]",GRÜNE,GRÜNE
"[0.0003217014018446207, 0.0013996007619425654, 0.00406476017087698, 0.38989633321762085, 0.6033326387405396, 0.0009849355556070805]",GRÜNE,LINKE
"[0.013022027909755707, 0.5435349345207214, 0.028315722942352295, 0.3138737976551056, 0.09693341702222824, 0.004320142790675163]",CDU/CSU,CDU/CSU
"[0.00044987534056417644, 0.00018808615277521312, 0.00023134994262363762, 0.004179614596068859, 0.9936752915382385, 0.0012758001685142517]",LINKE,LINKE
"[0.0001300509029533714, 0.00013934788876213133, 0.00015639746561646461, 0.00021155961439944804, 0.9992555379867554, 0.0001071675869752653]",LINKE,LINKE
"[0.001350573031231761, 0.32351160049438477, 0.050451070070266724, 0.6089829206466675, 0.0015631387941539288, 0.01414068415760994]",GRÜNE,GRÜNE
"[0.00033937356784008443, 0.0003165286616422236, 0.022176643833518028, 0.015199881978332996, 0.00029374039149843156, 0.9616739153862]",SPD,SPD
"[0.0005604716716334224, 0.018321184441447258, 0.008255628868937492, 0.014345277100801468, 0.0002091171918436885, 0.958308219909668]",SPD,SPD
"[0.00038759937160648406, 0.07530226558446884, 0.0052144271321594715, 0.0006234356551431119, 0.0011806279653683305, 0.9172916412353516]",SPD,SPD
"[0.00014605997421313077, 0.00020721177861560136, 0.00010667220340110362, 0.0003884270554408431, 0.998694658279419, 0.00045696456800214946]",LINKE,LINKE
"[0.00048356453771702945, 0.09285643696784973, 0.2031932920217514, 0.6427125930786133, 0.0005031240289099514, 0.06025101616978645]",CDU/CSU,GRÜNE
"[0.000377622083760798, 0.36898231506347656, 0.037789005786180496, 0.14748218655586243, 0.001836555078625679, 0.44353237748146057]",SPD,SPD
"[0.000259505701251328, 0.0007168680895119905, 0.9913525581359863, 0.006831410340964794, 0.0006750813918188214, 0.00016462999337818474]",FDP,FDP
"[0.0015316352946683764, 0.8852552175521851, 0.022396642714738846, 0.011493345722556114, 0.0010013197315856814, 0.07832184433937073]",CDU/CSU,CDU/CSU
"[0.0005782223306596279, 0.016274742782115936, 0.9532420635223389, 0.023850705474615097, 0.0001609221799299121, 0.005893348716199398]",FDP,FDP
"[0.0002883699780795723, 0.99275141954422, 0.00560120539739728, 0.0001990061136893928, 0.0005235692951828241, 0.0006364040891639888]",CDU/CSU,CDU/CSU
"[0.0002882648550439626, 0.9833540916442871, 0.0043200720101594925, 0.0008526787278242409, 0.005839888006448746, 0.005345020443201065]",CDU/CSU,CDU/CSU
"[0.0002151562657672912, 0.001024504192173481, 0.9981828927993774, 0.00015056642587296665, 0.00013270661293063313, 0.0002941642887890339]",FDP,FDP
"[0.00046569653204642236, 0.059324849396944046, 0.0034278605598956347, 0.1731078177690506, 0.041744861751794815, 0.7219288945198059]",SPD,SPD
"[0.00010974148608511314, 0.0011479121167212725, 0.9981728792190552, 0.00011630907829385251, 9.145282092504203e-05, 0.00036161806201562285]",FDP,FDP
"[0.02184867672622204, 0.11004599183797836, 0.5126661062240601, 0.3353998363018036, 0.008742930367588997, 0.011296526528894901]",AfD,FDP
"[0.00029503938276320696, 0.00018283668032381684, 0.008187394589185715, 0.9289371371269226, 0.000887733360286802, 0.06150985136628151]",GRÜNE,GRÜNE
"[0.00021041363652329892, 0.007563630118966103, 0.003875626251101494, 0.9810128808021545, 0.006937388796359301, 0.00040007554343901575]",GRÜNE,GRÜNE
"[0.9993696212768555, 0.000185621582204476, 0.00018838974938262254, 5.033821435063146e-05, 0.0001465829845983535, 5.939904076512903e-05]",AfD,AfD
"[0.002736565889790654, 0.18561048805713654, 0.7690469026565552, 0.008451694622635841, 0.0006889987853355706, 0.033465396612882614]",FDP,FDP
"[0.0003708169679157436, 0.6687942743301392, 0.04806425794959068, 0.005194290541112423, 0.0005546481115743518, 0.27702176570892334]",CDU/CSU,CDU/CSU
"[0.0002983329468406737, 0.0012884960742667317, 0.00039431441109627485, 0.001277320901863277, 0.00016142167442012578, 0.9965800642967224]",SPD,SPD
"[0.5354151725769043, 0.28438517451286316, 0.15799616277217865, 0.00902659073472023, 0.0022275373339653015, 0.010949327610433102]",AfD,AfD
"[0.997000515460968, 0.0007149926386773586, 0.0013684611767530441, 0.0001962331443792209, 0.00013969476276542991, 0.0005801506922580302]",AfD,AfD
"[0.0007365239434875548, 0.0005768124829046428, 0.16844646632671356, 0.057910192757844925, 0.0008736758027225733, 0.7714564204216003]",SPD,SPD
"[0.002628779737278819, 0.8826082348823547, 0.10719764232635498, 0.0031264282297343016, 0.0017251329263672233, 0.002713738940656185]",CDU/CSU,CDU/CSU
"[0.0004564896516967565, 0.6992323994636536, 0.2956680357456207, 0.0014302037889137864, 0.00041301653254777193, 0.0027998376172035933]",CDU/CSU,CDU/CSU
"[0.00023372864234261215, 0.8310796022415161, 0.008790303021669388, 0.004511068109422922, 0.00012982517364434898, 0.155255526304245]",SPD,CDU/CSU
"[0.0006236288463696837, 0.0023721924517303705, 4.294726750231348e-05, 0.0013633532216772437, 0.9930564165115356, 0.0025414994452148676]",LINKE,LINKE
"[0.009024570696055889, 0.0019333495292812586, 0.042969848960638046, 0.4924390912055969, 0.10883188992738724, 0.34480127692222595]",GRÜNE,GRÜNE
"[0.0003156224265694618, 0.06331775337457657, 0.7621212005615234, 0.05062050744891167, 0.0001791759132174775, 0.12344568222761154]",FDP,FDP
"[0.009975605644285679, 0.5103358626365662, 0.0009106874349527061, 0.004809460137039423, 0.07547295838594437, 0.3984954357147217]",SPD,CDU/CSU
"[0.0005101381102576852, 0.9575387239456177, 0.011245695874094963, 0.0006065596244297922, 0.0009000819409266114, 0.029198788106441498]",CDU/CSU,CDU/CSU
"[0.05126113444566727, 0.8639920353889465, 0.021750453859567642, 0.007632718421518803, 0.004522615112364292, 0.05084109306335449]",CDU/CSU,CDU/CSU
"[0.0006306243012659252, 0.3907223343849182, 0.2807621955871582, 0.011776951141655445, 0.00022680610709358007, 0.3158811032772064]",SPD,CDU/CSU
"[0.00040092988638207316, 0.27583765983581543, 0.13631168007850647, 0.4308195412158966, 0.0015881648287177086, 0.15504208207130432]",GRÜNE,GRÜNE
"[0.0011427224380895495, 0.04763587564229965, 0.840233325958252, 0.09200341254472733, 0.0003976792795583606, 0.01858696900308132]",FDP,FDP
"[0.0006136030424386263, 0.04292748123407364, 0.2056899070739746, 0.2145678997039795, 0.0007924533565528691, 0.5354086756706238]",FDP,SPD
"[0.9992045164108276, 0.0004111595335416496, 0.00015888895723037422, 4.0126680687535554e-05, 0.00011208406067453325, 7.326826744247228e-05]",AfD,AfD
"[0.0006514156120829284, 0.00176252203527838, 0.004583708941936493, 0.7695154547691345, 0.0010265713790431619, 0.22246038913726807]",SPD,GRÜNE
"[0.0005215266719460487, 0.8851025104522705, 0.0013382190372794867, 0.010493515059351921, 0.00023453068570233881, 0.10230966657400131]",CDU/CSU,CDU/CSU
"[0.0002363643579883501, 0.6055532693862915, 0.0018622318748384714, 0.0019035367295145988, 0.011041665449738503, 0.3794029653072357]",CDU/CSU,CDU/CSU
"[0.00029380491469055414, 0.009912263602018356, 0.012752902694046497, 0.08005223423242569, 0.00045363380922935903, 0.8965351581573486]",SPD,SPD
"[0.00029032473685219884, 0.6729104518890381, 0.02430347539484501, 0.1949538290500641, 0.000354708667146042, 0.1071871668100357]",CDU/CSU,CDU/CSU
"[0.0002880883403122425, 0.008229479193687439, 0.21885426342487335, 0.7656354904174805, 0.000616725767031312, 0.00637600664049387]",GRÜNE,GRÜNE
"[0.0017890436574816704, 0.44225263595581055, 0.481978178024292, 0.013374527916312218, 0.00032391236163675785, 0.060281720012426376]",FDP,FDP
"[0.49387991428375244, 0.09644974768161774, 0.4041210412979126, 0.0029435381293296814, 0.0015699586365371943, 0.001035761320963502]",FDP,AfD
"[0.0005329336272552609, 0.5349881649017334, 0.4136556088924408, 0.008631567470729351, 0.0011151740327477455, 0.041076499968767166]",CDU/CSU,CDU/CSU
"[0.48315706849098206, 0.06108450889587402, 0.1404123157262802, 0.008053500205278397, 0.301796555519104, 0.005496044177561998]",AfD,AfD
"[0.0006552878767251968, 0.009525731205940247, 0.030497903004288673, 0.34983646869659424, 0.0015175559092313051, 0.6079670786857605]",SPD,SPD
"[0.00027677626349031925, 0.7716242671012878, 0.0047334167174994946, 0.0013261676067486405, 0.0056426734663546085, 0.21639667451381683]",CDU/CSU,CDU/CSU
"[0.9500868320465088, 0.028006022796034813, 0.020726323127746582, 0.0002272095443913713, 0.00019942202197853476, 0.0007542132516391575]",AfD,AfD
"[0.00020011499873362482, 0.9800463914871216, 0.007683591451495886, 0.001567791448906064, 0.00027789027080871165, 0.010224265977740288]",CDU/CSU,CDU/CSU
"[0.0007335523259826005, 0.3910773694515228, 0.20354771614074707, 0.2513449490070343, 0.0044181933626532555, 0.14887826144695282]",GRÜNE,CDU/CSU
"[0.0003711369354277849, 0.9488857388496399, 0.0032536371145397425, 0.0007707707700319588, 0.0002228882076451555, 0.04649585857987404]",SPD,CDU/CSU
"[0.0007574158953502774, 0.0685897022485733, 0.053866997361183167, 0.37097519636154175, 0.030838394537568092, 0.4749722480773926]",SPD,SPD
"[0.0004073809541296214, 0.06369224190711975, 0.12458983063697815, 0.031246652826666832, 0.00022724684095010161, 0.7798367142677307]",SPD,SPD
"[0.00034379740827716887, 0.8931936621665955, 0.03729495778679848, 0.0013568809954449534, 0.00013755448162555695, 0.06767319142818451]",CDU/CSU,CDU/CSU
"[0.912034273147583, 0.022491559386253357, 0.06056036427617073, 0.002133015776053071, 0.0003083010669797659, 0.0024724791292101145]",AfD,AfD
"[0.005499932914972305, 0.3683678209781647, 0.03590100258588791, 0.01690223440527916, 0.0022816089913249016, 0.5710474252700806]",SPD,SPD
"[9.806785237742588e-05, 0.024208249524235725, 0.0006508229998871684, 0.0031457238364964724, 0.0001687854528427124, 0.9717283248901367]",SPD,SPD
"[0.001822974532842636, 0.002296079881489277, 0.014026826247572899, 0.01072063110768795, 0.970955491065979, 0.00017803638183977455]",LINKE,LINKE
"[0.000765685923397541, 0.00152301462367177, 0.01766572892665863, 0.5198563933372498, 0.022974688559770584, 0.4372144937515259]",SPD,GRÜNE
"[0.00017370669229421765, 0.04399632290005684, 0.043408483266830444, 0.03833231329917908, 0.00021459184063132852, 0.8738746047019958]",SPD,SPD
"[0.0002327289548702538, 0.00829430390149355, 0.00011124798038508743, 0.006574098952114582, 0.00177877233363688, 0.9830088019371033]",SPD,SPD
"[0.00048079038970172405, 0.8260405659675598, 0.00892735831439495, 0.0035318753216415644, 0.0004917515907436609, 0.16052769124507904]",CDU/CSU,CDU/CSU
"[8.657456055516377e-05, 0.00015061350131873041, 0.00017608501366339624, 0.0013755803229287267, 0.9980364441871643, 0.00017471471801400185]",LINKE,LINKE
"[0.0005674792337231338, 0.9632421135902405, 0.023859232664108276, 0.00019375029660295695, 0.0001599724928382784, 0.011977426707744598]",CDU/CSU,CDU/CSU
"[0.00027447118191048503, 0.33093544840812683, 0.6596288084983826, 0.0009856551187112927, 0.00034789074561558664, 0.00782773271203041]",FDP,FDP
"[0.00814581848680973, 0.4070112109184265, 0.5787977576255798, 0.0020014226902276278, 0.0005482793203555048, 0.0034955223090946674]",CDU/CSU,FDP
"[0.0923927053809166, 0.8674792051315308, 0.028149817138910294, 0.0006112942355684936, 0.0007484445231966674, 0.010618433356285095]",CDU/CSU,CDU/CSU
"[0.00017763121286407113, 0.00022172278841026127, 0.9926662445068359, 0.0016369211953133345, 0.0001922778901644051, 0.005105161108076572]",FDP,FDP
"[0.0025352437514811754, 0.8504108190536499, 0.14156384766101837, 0.0005865031271241605, 0.0027708581183105707, 0.0021328055299818516]",CDU/CSU,CDU/CSU
"[0.00032232768717221916, 0.0030358429066836834, 0.00019153313769493252, 0.0010658763349056244, 0.9952257871627808, 0.00015863154840189964]",LINKE,LINKE
"[0.0001590791653143242, 0.27544882893562317, 0.027431076392531395, 0.1799059957265854, 0.00048149924259632826, 0.5165734887123108]",SPD,SPD
"[0.00026842692750506103, 0.002090866444632411, 0.00634380429983139, 0.287130743265152, 0.00033127740607596934, 0.7038348913192749]",SPD,SPD
"[0.0005149291246198118, 0.13170894980430603, 0.08473539352416992, 0.04119263216853142, 0.000983702251687646, 0.7408643960952759]",FDP,SPD
"[0.00010080898209707811, 0.0009180132183246315, 0.0007791077368892729, 0.9949949979782104, 0.0016835451824590564, 0.0015235578175634146]",GRÜNE,GRÜNE
"[0.026498455554246902, 0.156789168715477, 0.386450856924057, 0.013972505927085876, 0.4141988456249237, 0.002090135822072625]",LINKE,LINKE
"[0.16123434901237488, 0.790356457233429, 0.044894665479660034, 0.00032297015422955155, 0.0002631212119013071, 0.002928424859419465]",CDU/CSU,CDU/CSU
"[0.0010359014850109816, 0.08807090669870377, 0.26793035864830017, 0.3940799832344055, 0.0007216933881863952, 0.2481611669063568]",FDP,GRÜNE
"[0.0003596479073166847, 0.1389819085597992, 0.6933257579803467, 0.12063339352607727, 0.0021450710482895374, 0.04455424100160599]",CDU/CSU,FDP
"[0.003931363113224506, 0.11119803041219711, 0.21295230090618134, 0.542565643787384, 0.007144836708903313, 0.12220779806375504]",GRÜNE,GRÜNE
"[0.0022651052568107843, 0.7462536692619324, 0.01101458165794611, 0.010529380291700363, 0.0006341456319205463, 0.22930318117141724]",CDU/CSU,CDU/CSU
"[0.0002801209921017289, 0.572078287601471, 0.01232159323990345, 0.010668907314538956, 0.00025864108465611935, 0.4043924808502197]",CDU/CSU,CDU/CSU
"[0.0003020858857780695, 0.885414719581604, 0.033296018838882446, 0.0005762368673458695, 0.0001980720553547144, 0.08021298795938492]",CDU/CSU,CDU/CSU
"[0.0005176464910618961, 0.0785713717341423, 0.14615198969841003, 0.2799496650695801, 0.000457283720606938, 0.4943520426750183]",SPD,SPD
"[0.0016314510721713305, 0.6474665403366089, 0.2815262973308563, 0.001277118339203298, 0.0020210291258990765, 0.06607753038406372]",CDU/CSU,CDU/CSU
"[0.0001820144971134141, 0.9281064867973328, 0.0067704953253269196, 0.000874761666636914, 0.00024742851383052766, 0.06381887197494507]",CDU/CSU,CDU/CSU
"[0.8142077922821045, 0.0010202525882050395, 0.17974093556404114, 0.003145341295748949, 0.0009472265955992043, 0.0009384187869727612]",AfD,AfD
"[0.9657629132270813, 0.004769782070070505, 0.0027328617870807648, 0.0026136136148124933, 0.018877463415265083, 0.005243243183940649]",AfD,AfD
"[0.00018777360673993826, 0.008619416505098343, 0.018300548195838928, 0.6251073479652405, 0.00037350808270275593, 0.3474113941192627]",GRÜNE,GRÜNE
"[0.6263752579689026, 0.07878592610359192, 0.10419875383377075, 0.023202287033200264, 0.1666344851255417, 0.0008032655459828675]",AfD,AfD
"[0.0009304378181695938, 0.3813295066356659, 0.19396574795246124, 0.232904314994812, 0.006746807601302862, 0.1841231733560562]",GRÜNE,CDU/CSU
"[0.9864766597747803, 0.00046020440640859306, 0.0040294514037668705, 0.0017260682070627809, 0.006417468190193176, 0.0008900779648683965]",AfD,AfD
"[0.00040514013380743563, 0.994236171245575, 0.0004750228254124522, 0.00062956364126876, 0.00021848047617822886, 0.004035589285194874]",CDU/CSU,CDU/CSU
"[0.00018879197887144983, 8.926615555537865e-05, 3.873181776725687e-05, 0.00025392338284291327, 0.9993541836738586, 7.50962644815445e-05]",LINKE,LINKE
"[0.0008207446080632508, 0.0015708155697211623, 0.2692243158817291, 0.0896526649594307, 0.0004043577064294368, 0.6383270621299744]",SPD,SPD
"[0.0008059506653808057, 0.30123117566108704, 0.45568403601646423, 0.09107661992311478, 0.0009693391039036214, 0.1502329260110855]",FDP,FDP
"[0.000191304789041169, 0.01331079751253128, 0.8994569778442383, 0.01409683283418417, 0.00031700258841738105, 0.07262714952230453]",FDP,FDP
"[0.9991143345832825, 0.00023906461137812585, 0.00043959979666396976, 2.6561647246126086e-05, 0.00014485849533230066, 3.553378701326437e-05]",AfD,AfD
"[0.9599113464355469, 0.0021982030011713505, 0.02561328373849392, 0.0022511999122798443, 0.0093087712302804, 0.0007171533652581275]",AfD,AfD
"[0.00014735259173903614, 0.29326117038726807, 0.05237698182463646, 0.04018821194767952, 0.0002315039309905842, 0.6137948036193848]",CDU/CSU,SPD
"[0.0005698126624338329, 0.15202946960926056, 0.02670888975262642, 0.061569392681121826, 0.000416232185671106, 0.7587062120437622]",SPD,SPD
"[0.00022676779190078378, 0.9575725793838501, 0.010398052632808685, 0.0002803441893775016, 0.0004718821437563747, 0.031050294637680054]",CDU/CSU,CDU/CSU
"[0.7958069443702698, 0.1432759314775467, 0.0018508866196498275, 0.0001571397006046027, 0.05802255868911743, 0.0008864897536113858]",AfD,AfD
"[0.0012202862417325377, 0.8025596141815186, 0.14613057672977448, 0.039121296256780624, 0.005918957758694887, 0.005049295723438263]",CDU/CSU,CDU/CSU
"[0.0016097951447591186, 0.8485148549079895, 0.12612630426883698, 0.0004492227453738451, 0.018225960433483124, 0.00507382582873106]",CDU/CSU,CDU/CSU
"[0.001422625733539462, 0.012489734217524529, 0.08439776301383972, 0.6228410005569458, 0.004035268444567919, 0.2748136520385742]",GRÜNE,GRÜNE
"[0.002382319187745452, 0.004142304882407188, 0.0005629052757285535, 0.0033082887530326843, 0.9866938591003418, 0.0029102631378918886]",LINKE,LINKE
"[0.00021198471949901432, 0.005144721828401089, 0.0014452432515099645, 0.9792816042900085, 0.0010964629473164678, 0.012820088304579258]",GRÜNE,GRÜNE
"[0.0004040843341499567, 0.0022465435322374105, 0.0004430128319654614, 0.0777728259563446, 0.0003492069663479924, 0.9187843203544617]",SPD,SPD
"[0.0015277046477422118, 0.10307092219591141, 0.5371549725532532, 0.24573412537574768, 0.004316468257457018, 0.10819579660892487]",GRÜNE,FDP
"[0.00044270153739489615, 0.005880130920559168, 0.07185753434896469, 0.1751258224248886, 0.00039881528937257826, 0.7462949752807617]",SPD,SPD
"[0.9992515444755554, 0.00034408370265737176, 9.436626714887097e-05, 2.5249955797335133e-05, 0.00023933105694595724, 4.5454642531694844e-05]",AfD,AfD
"[0.00027857080567628145, 0.044206101447343826, 0.11535454541444778, 0.032801900058984756, 0.0002314695593668148, 0.8071274161338806]",SPD,SPD
"[0.0013356154086068273, 0.5669358968734741, 0.16629654169082642, 0.25529465079307556, 0.00944074522703886, 0.0006964901695027947]",CDU/CSU,CDU/CSU
"[0.0006036552367731929, 0.0029481726232916117, 0.00020943416166119277, 0.6803393363952637, 0.04101746901869774, 0.2748819589614868]",GRÜNE,GRÜNE
"[0.0027198027819395065, 0.930439293384552, 0.008500232361257076, 0.001528778811916709, 0.027345627546310425, 0.02946617268025875]",CDU/CSU,CDU/CSU
"[0.0008668506052345037, 0.7462564706802368, 0.2413940131664276, 0.0033869363833218813, 0.0007118289358913898, 0.007383896037936211]",CDU/CSU,CDU/CSU
"[0.0006813335930928588, 0.6382801532745361, 0.07981689274311066, 0.032997697591781616, 0.0005755209713242948, 0.24764840304851532]",CDU/CSU,CDU/CSU
"[0.0001901033683679998, 0.00040029524825513363, 0.00037766684545204043, 0.02003571204841137, 0.00017964286962524056, 0.9788165092468262]",SPD,SPD
"[0.02768794447183609, 0.18623381853103638, 0.15330401062965393, 0.11021871864795685, 0.09615795314311981, 0.42639753222465515]",GRÜNE,SPD
"[0.0003497196303214878, 0.0019803291652351618, 7.464161171810701e-05, 0.00018783232371788472, 0.9971914887428284, 0.00021598263992927969]",LINKE,LINKE
"[0.0004544038383755833, 0.21351568400859833, 0.7355284690856934, 0.0020942625124007463, 0.0002347074478166178, 0.04817240312695503]",FDP,FDP
"[0.002186092082411051, 0.05894986912608147, 0.9183259606361389, 0.000319977814797312, 0.0006030438817106187, 0.01961500197649002]",FDP,FDP
"[0.004021989647299051, 0.14298923313617706, 0.84989994764328, 0.00047860766062512994, 0.0006603623041883111, 0.0019498476758599281]",CDU/CSU,FDP
"[0.00019305858586449176, 0.124997079372406, 0.1025661751627922, 0.02070925571024418, 0.002606327412649989, 0.7489281296730042]",SPD,SPD
"[0.0005726090166717768, 0.6999180316925049, 0.08095964789390564, 0.01379503682255745, 0.000626377877779305, 0.20412832498550415]",CDU/CSU,CDU/CSU
"[0.5069674849510193, 0.024261754006147385, 0.454972505569458, 0.004929876420646906, 0.007989908568561077, 0.0008785132085904479]",AfD,AfD
"[0.002821060363203287, 0.05024774372577667, 0.7904602885246277, 0.02689073048532009, 0.0016307650366798043, 0.12794937193393707]",FDP,FDP
"[0.0003399442648515105, 0.7524415254592896, 0.009158020839095116, 0.001106515061110258, 0.00019047496607527137, 0.23676347732543945]",SPD,CDU/CSU
"[0.0004807031073141843, 0.30975082516670227, 0.669795036315918, 0.000693079608026892, 0.00020413025049492717, 0.019076179713010788]",FDP,FDP
"[0.00010376691352576017, 0.015884514898061752, 0.9639413356781006, 0.00944405049085617, 0.00024311237211804837, 0.010383282788097858]",FDP,FDP
"[0.0009995736181735992, 0.034079134464263916, 0.35485756397247314, 0.5047234892845154, 0.0005433333572000265, 0.10479694604873657]",GRÜNE,GRÜNE
"[0.00019953932496719062, 0.00015489725046791136, 4.60498413303867e-05, 0.0009843395091593266, 0.9979202747344971, 0.0006949477829039097]",LINKE,LINKE
"[0.0008056554943323135, 0.033601064234972, 0.1163947805762291, 0.6461037993431091, 0.0004752516106236726, 0.20261943340301514]",GRÜNE,GRÜNE
"[0.00117120158392936, 0.47605741024017334, 0.07031450420618057, 0.01589580439031124, 0.004995308816432953, 0.4315657615661621]",CDU/CSU,CDU/CSU
"[0.0012547047808766365, 0.03646061569452286, 0.023911762982606888, 0.9214304685592651, 0.012759638018906116, 0.0041827792301774025]",GRÜNE,GRÜNE
"[0.99950110912323, 0.0001274040259886533, 0.00011052056652260944, 4.942078885505907e-05, 0.00017063553968910128, 4.097371856914833e-05]",AfD,AfD
"[0.0005342195509001613, 0.8432992696762085, 0.04188866540789604, 0.0017716538859531283, 0.00022544647799804807, 0.11228080093860626]",CDU/CSU,CDU/CSU
"[0.9991246461868286, 0.00023094122298061848, 0.0002420277160126716, 6.940688763279468e-05, 0.0002891464391723275, 4.379281017463654e-05]",AfD,AfD
"[0.0003370477061253041, 0.6948085427284241, 0.08449187129735947, 0.19888173043727875, 0.002381756668910384, 0.019099095836281776]",CDU/CSU,CDU/CSU
"[0.00023806351236999035, 0.17248600721359253, 0.030098548159003258, 0.009470542892813683, 0.0002939912083093077, 0.7874128222465515]",SPD,SPD
"[0.0005467007285915315, 0.004915421828627586, 0.0018792746122926474, 0.16440963745117188, 0.6839275360107422, 0.14432132244110107]",LINKE,LINKE
"[0.00027902578585781157, 0.9370608329772949, 0.0066149793565273285, 0.0008969593327492476, 0.00010912858851952478, 0.05503910779953003]",CDU/CSU,CDU/CSU
"[0.8992546200752258, 0.002026123460382223, 0.0020024096593260765, 0.002997984876856208, 0.09353652596473694, 0.00018236479081679136]",AfD,AfD
"[0.0002323293301742524, 0.9959659576416016, 0.0013176929205656052, 0.0007925817044451833, 0.00019791470549535006, 0.0014934842474758625]",CDU/CSU,CDU/CSU
"[0.0004269454802852124, 0.7782742381095886, 0.21593284606933594, 0.0008785174577496946, 0.00022937706671655178, 0.004258093889802694]",CDU/CSU,CDU/CSU
"[0.0017938693054020405, 0.7944084405899048, 0.058103013783693314, 0.0008203362231142819, 0.0017439948860555887, 0.143130362033844]",SPD,CDU/CSU
"[0.0007217994425445795, 0.7791306376457214, 0.1820644587278366, 0.030998678877949715, 0.0026231463998556137, 0.00446138484403491]",CDU/CSU,CDU/CSU
"[0.0004031122662127018, 0.011651631444692612, 0.9821282029151917, 0.004936654586344957, 0.0002738927723839879, 0.00060649384977296]",FDP,FDP
"[0.0004356604185886681, 0.000701696437317878, 0.0021017666440457106, 0.6002426147460938, 0.000782088958658278, 0.3957361578941345]",GRÜNE,GRÜNE
"[0.00031587155535817146, 0.0014564106240868568, 0.13401654362678528, 0.011562426574528217, 0.0003452755918260664, 0.8523035049438477]",SPD,SPD
"[0.0012806621380150318, 0.3420395255088806, 0.5550484657287598, 0.0012040291912853718, 0.00027611013501882553, 0.1001511663198471]",FDP,FDP
"[0.001307808212004602, 0.495858758687973, 0.0018661807989701629, 0.024134287610650063, 0.0007636803202331066, 0.47606930136680603]",SPD,CDU/CSU
"[0.9990081787109375, 0.0005770554416812956, 0.00018114541308023036, 4.072667798027396e-05, 0.0001408899261150509, 5.201373278396204e-05]",AfD,AfD
"[0.0004176996008027345, 0.6636829376220703, 0.013498783111572266, 0.3210686147212982, 0.0006193073350004852, 0.000712636683601886]",CDU/CSU,CDU/CSU
"[0.00010255918459733948, 0.297360360622406, 0.036476019769907, 0.006743273232132196, 0.0003295279748272151, 0.6589882373809814]",SPD,SPD
"[0.0005059968098066747, 0.9220391511917114, 0.000897643156349659, 0.00042859604582190514, 0.0002951453789137304, 0.07583355158567429]",SPD,CDU/CSU
"[0.0009691945160739124, 0.08544071763753891, 0.16275344789028168, 0.3532799780368805, 0.00041719063301570714, 0.39713945984840393]",GRÜNE,SPD
"[0.001054631546139717, 0.43715590238571167, 0.10765443742275238, 0.15983614325523376, 0.0003327996237203479, 0.2939661145210266]",SPD,CDU/CSU
"[0.0005857248324900866, 0.7388070821762085, 0.013020029291510582, 0.0023501336108893156, 0.00034847366623580456, 0.2448885142803192]",CDU/CSU,CDU/CSU
"[0.00022881290351506323, 0.4787611663341522, 0.010945848189294338, 0.5012344717979431, 0.0011800068896263838, 0.0076498063281178474]",GRÜNE,GRÜNE
"[0.00036591911339201033, 0.016776422038674355, 0.36323416233062744, 0.3205530047416687, 0.00028220866806805134, 0.29878827929496765]",SPD,FDP
"[0.0009309613960795105, 0.9595382809638977, 0.03218228369951248, 0.0015027604531496763, 0.000451733882073313, 0.005393968429416418]",CDU/CSU,CDU/CSU
"[0.0008908695308491588, 0.8116376399993896, 0.0009945984929800034, 0.17386320233345032, 0.0022132196463644505, 0.010400502011179924]",CDU/CSU,CDU/CSU
"[0.0010090101277455688, 0.13900300860404968, 0.8230906128883362, 0.0009510755771771073, 0.00024033807858359069, 0.03570593148469925]",FDP,FDP
"[0.0008654849953018129, 0.6379448771476746, 0.009509343653917313, 0.0027013400103896856, 0.0005736732855439186, 0.34840527176856995]",CDU/CSU,CDU/CSU
"[0.9979913234710693, 0.0011103812139481306, 0.00016772435628809035, 3.3654145227046683e-05, 0.0006335248472169042, 6.333474448183551e-05]",AfD,AfD
"[0.0009167323005385697, 0.0034101183991879225, 0.017963511869311333, 0.39588403701782227, 0.10491964221000671, 0.4769059121608734]",LINKE,SPD
"[0.9977042078971863, 0.0006271224119700491, 0.001259497948922217, 6.425255560316145e-05, 0.0001408897660439834, 0.0002039948885794729]",AfD,AfD
"[0.0027068506460636854, 0.1450214684009552, 0.009037313982844353, 0.10428627580404282, 0.0009542048792354763, 0.7379938960075378]",SPD,SPD
"[0.0006283479160629213, 0.09702416509389877, 0.019766613841056824, 0.21998663246631622, 0.006159644108265638, 0.6564345955848694]",SPD,SPD
"[0.0007334586698561907, 0.797621488571167, 0.15206317603588104, 0.028737284243106842, 0.00040028998046182096, 0.02044425718486309]",CDU/CSU,CDU/CSU
"[0.0035930981393903494, 0.4127601981163025, 0.5646234750747681, 0.0026379618793725967, 0.0017299233004450798, 0.014655365608632565]",CDU/CSU,FDP
"[0.00021705061953980476, 0.002989662578329444, 0.11301133781671524, 0.3201260566711426, 0.0003832995134871453, 0.5632725358009338]",SPD,SPD
"[0.0012291804887354374, 0.00030755865736864507, 0.13807056844234467, 0.6220892667770386, 0.0016314107924699783, 0.23667201399803162]",GRÜNE,GRÜNE
"[0.00020368532568681985, 0.12035555392503738, 0.14835387468338013, 0.0336105041205883, 0.00017501706315670162, 0.6973013877868652]",SPD,SPD
"[0.06206217780709267, 0.8076989054679871, 0.08751294761896133, 0.0014577523106709123, 0.005070537328720093, 0.03619768097996712]",CDU/CSU,CDU/CSU
"[0.0002361038641538471, 0.8093725442886353, 0.05572374537587166, 0.06430339813232422, 0.0020232093520462513, 0.0683409795165062]",CDU/CSU,CDU/CSU
"[0.0008803470991551876, 0.00034510635305196047, 0.000935003743506968, 0.016257159411907196, 0.9801561832427979, 0.001426181523129344]",LINKE,LINKE
"[0.00014405176625587046, 0.001558653893880546, 0.0011658779112622142, 0.013288469053804874, 0.0002657131408341229, 0.9835772514343262]",SPD,SPD
"[0.00040978501783683896, 0.004599446896463633, 0.9937200546264648, 0.0010133644100278616, 0.00015890887880232185, 9.847671026363969e-05]",FDP,FDP
"[0.9986903071403503, 0.0003716212813742459, 0.00039149116491898894, 3.6669189285021275e-05, 0.00037244230043143034, 0.00013746235345024616]",AfD,AfD
"[0.00034050611429847777, 0.8892349600791931, 0.01912369392812252, 0.002570228883996606, 0.0012429063208401203, 0.08748780936002731]",CDU/CSU,CDU/CSU
"[0.9988133311271667, 0.00018713396275416017, 0.0007150144083425403, 7.8336670412682e-05, 0.00014615007967222482, 6.0055917856516317e-05]",AfD,AfD
"[0.13119357824325562, 0.0012136244913563132, 0.0043718088418245316, 0.009196772240102291, 0.8536535501480103, 0.00037065771175548434]",LINKE,LINKE
"[0.0018775085918605328, 0.2068416327238083, 0.2835930287837982, 0.007535930722951889, 0.000547462550457567, 0.4996044635772705]",SPD,SPD
"[0.0025910090189427137, 0.18889333307743073, 0.2990269660949707, 0.3118080794811249, 0.003267248859629035, 0.19441331923007965]",GRÜNE,GRÜNE
"[0.997540295124054, 0.00129577552434057, 0.0007544273394159973, 7.313653622986749e-05, 0.00028736991225741804, 4.904528395854868e-05]",AfD,AfD
"[0.001985205803066492, 0.19183023273944855, 0.14028607308864594, 0.1002640575170517, 0.2394351214170456, 0.3261992931365967]",CDU/CSU,SPD
"[0.0013955353060737252, 0.29245373606681824, 0.5724250674247742, 0.009091558866202831, 0.00021499866852536798, 0.12441907078027725]",FDP,FDP
"[0.0004192265623714775, 0.9580093026161194, 0.03907525911927223, 0.00039775148616172373, 0.0001427184761269018, 0.0019556591287255287]",CDU/CSU,CDU/CSU
"[0.02282836101949215, 0.15777800977230072, 0.22726650536060333, 0.13281598687171936, 0.31450286507606506, 0.14480827748775482]",CDU/CSU,LINKE
"[0.0001833668356994167, 0.2518921494483948, 0.0052369460463523865, 0.014818347059190273, 0.00046463366015814245, 0.7274045944213867]",CDU/CSU,SPD
"[0.0007753311656415462, 0.08470005542039871, 0.5256145596504211, 0.05612547695636749, 0.005070270970463753, 0.32771432399749756]",FDP,FDP
"[0.17510469257831573, 0.11226813495159149, 0.48941105604171753, 0.11022251844406128, 0.022844897583127022, 0.0901486873626709]",FDP,FDP
"[0.6665995717048645, 0.09557557106018066, 0.12757079303264618, 0.024731745943427086, 0.004991582129150629, 0.08053072541952133]",CDU/CSU,AfD
"[0.9994795322418213, 0.00015587006055284292, 0.0001589353196322918, 4.997286305297166e-05, 0.00011051194451283664, 4.5134613174013793e-05]",AfD,AfD
"[0.00011626718332991004, 0.008466660976409912, 0.0008707353845238686, 0.12507012486457825, 0.0034091677516698837, 0.8620671033859253]",SPD,SPD
"[0.006865696515887976, 0.9284524917602539, 0.024765538051724434, 0.010705919936299324, 0.01959564909338951, 0.009614684619009495]",CDU/CSU,CDU/CSU
"[0.9973639845848083, 0.0008037998923100531, 0.0008618984138593078, 0.00018893409287557006, 0.00033883494324982166, 0.00044250901555642486]",AfD,AfD
"[0.00011774356244131923, 0.0011510713957250118, 0.0019633767660707235, 0.008961661718785763, 0.00024353456683456898, 0.9875624775886536]",SPD,SPD
"[0.9970254898071289, 0.00022352475207298994, 0.0020452525932341814, 0.00012064492329955101, 0.00047580929822288454, 0.00010927757830359042]",AfD,AfD
"[0.9886882901191711, 0.0011334255104884505, 0.001392642967402935, 0.0001917388872243464, 0.008459380827844143, 0.00013453229621518403]",AfD,AfD
"[0.00015106966020539403, 0.9647882580757141, 0.006176694296300411, 0.01977859064936638, 0.00022150983568280935, 0.008883834816515446]",CDU/CSU,CDU/CSU
"[0.9862725734710693, 0.010455314069986343, 0.0020432439632713795, 0.0001454438897781074, 0.0009061461314558983, 0.00017728704551700503]",AfD,AfD
"[0.0045533692464232445, 0.22635427117347717, 0.04241595417261124, 0.03486093506217003, 0.0014837970957159996, 0.6903316378593445]",FDP,SPD
"[0.0001747661444824189, 0.04490376636385918, 0.004215629771351814, 0.896647036075592, 0.00047321157762780786, 0.05358555167913437]",GRÜNE,GRÜNE
"[0.0007537996862083673, 0.26712334156036377, 0.009043769910931587, 0.6745092868804932, 0.02493465505540371, 0.023635102435946465]",CDU/CSU,GRÜNE
"[0.0002657687000464648, 0.5603001117706299, 0.19451594352722168, 0.1300576627254486, 0.002281855558976531, 0.1125786155462265]",CDU/CSU,CDU/CSU
"[0.0026365004014223814, 0.2233869731426239, 0.13708817958831787, 0.009930633939802647, 0.001675861538387835, 0.625281810760498]",SPD,SPD
"[0.00023399631027132273, 0.994009256362915, 0.0015569530660286546, 0.00022504855587612838, 0.00013021191989537328, 0.003844595281407237]",CDU/CSU,CDU/CSU
"[0.9945712685585022, 0.0008133653900586069, 0.0001429379772162065, 6.5955042373389e-05, 0.004288867581635714, 0.00011757756874430925]",AfD,AfD
"[0.001304666860960424, 0.05056736618280411, 0.05282782390713692, 0.045827507972717285, 0.0005632828688248992, 0.8489093780517578]",SPD,SPD
"[0.00031200313242152333, 0.52584308385849, 0.006213658954948187, 0.03808930888772011, 0.0003297114744782448, 0.4292122423648834]",SPD,CDU/CSU
"[9.881182631943375e-05, 0.006441084202378988, 0.9915897846221924, 0.0006486690253950655, 0.0004618579987436533, 0.0007597760995849967]",FDP,FDP
"[0.00742756063118577, 0.26344525814056396, 0.4892767071723938, 0.12884363532066345, 0.0005605423357337713, 0.11044628918170929]",FDP,FDP
"[0.000140018601086922, 0.000175996552570723, 0.9985051155090332, 0.00036070941132493317, 0.00013354700058698654, 0.0006846235482953489]",FDP,FDP
"[0.0001271550718229264, 0.018405918031930923, 0.01757759228348732, 0.9172160029411316, 0.00148134829942137, 0.045191988348960876]",GRÜNE,GRÜNE
"[0.003553177695721388, 0.10414373129606247, 0.0011213371763005853, 0.006647940259426832, 0.8839883208274841, 0.000545429764315486]",LINKE,LINKE
"[0.9955647587776184, 0.0011092554777860641, 0.002704092301428318, 0.00014948565512895584, 0.00026600834098644555, 0.00020636338740587234]",AfD,AfD
"[0.010792838409543037, 0.6836286783218384, 0.30250614881515503, 0.0009828457841649652, 0.0009803568245843053, 0.0011090929619967937]",CDU/CSU,CDU/CSU
"[0.0005393450264818966, 0.6459360718727112, 0.19817864894866943, 0.004754056688398123, 0.0006836394895799458, 0.14990824460983276]",SPD,CDU/CSU
"[0.0003756144142244011, 0.0015596183948218822, 0.029407812282443047, 0.1833922564983368, 0.7836990356445312, 0.001565695507451892]",LINKE,LINKE
"[0.0007761429878883064, 0.97930508852005, 0.012119696475565434, 0.0005098654073663056, 0.00026228860951960087, 0.007026976440101862]",CDU/CSU,CDU/CSU
"[0.0004230101767461747, 0.0033039310947060585, 0.986039936542511, 0.0014332636492326856, 0.00013380878954194486, 0.008666115812957287]",FDP,FDP
"[0.19706054031848907, 0.15185467898845673, 0.20462818443775177, 0.07739094644784927, 0.10966678708791733, 0.25939884781837463]",LINKE,SPD
"[0.0005418655928224325, 0.4433209300041199, 0.13181550800800323, 0.054044175893068314, 0.0020330320112407207, 0.368244469165802]",FDP,CDU/CSU
"[0.7246729135513306, 0.0287970919162035, 0.24449825286865234, 0.00027971103554591537, 0.0012465048348531127, 0.0005055103683844209]",AfD,AfD
"[0.10820727050304413, 0.0015247270930558443, 0.001715325633995235, 0.0003735327045433223, 0.8879987001419067, 0.00018050467770081013]",AfD,LINKE
"[0.0004176011134404689, 0.015969837084412575, 0.651260256767273, 0.25213804841041565, 0.000377391668735072, 0.07983694225549698]",FDP,FDP
"[0.00023873292957432568, 0.09038575738668442, 0.012799076735973358, 0.05366826802492142, 0.0004127661813981831, 0.8424954414367676]",SPD,SPD
"[0.00151144340634346, 0.05022960901260376, 0.00293338717892766, 0.23589876294136047, 0.12560316920280457, 0.5838236212730408]",SPD,SPD
"[0.00047375328722409904, 0.9728195667266846, 0.01626773737370968, 0.0019519710913300514, 0.001280018943361938, 0.007207036949694157]",CDU/CSU,CDU/CSU
"[0.0012304745614528656, 0.17518092691898346, 0.709405243396759, 0.01367837656289339, 0.004359286278486252, 0.09614574164152145]",FDP,FDP
"[0.0002986172039527446, 7.57052912376821e-05, 5.7425062550464645e-05, 0.0008067864691838622, 0.9986431002616882, 0.00011840531078632921]",LINKE,LINKE
"[0.0003377015236765146, 0.7994664311408997, 0.051907625049352646, 0.03746615722775459, 0.00010874160216189921, 0.11071331053972244]",CDU/CSU,CDU/CSU
"[0.00039989742799662054, 0.009679722599685192, 0.01168291736394167, 0.12446048110723495, 0.006864544004201889, 0.8469124436378479]",SPD,SPD
"[0.0006357578095048666, 0.03303896263241768, 0.0466267466545105, 0.41525736451148987, 0.010384038090705872, 0.4940570890903473]",SPD,SPD
"[0.0003286306746304035, 0.4672875702381134, 0.09129831194877625, 0.4271354079246521, 0.005679076537489891, 0.008271080441772938]",FDP,CDU/CSU
"[0.9989186525344849, 0.0006531367544084787, 0.00021765156998299062, 3.476466372376308e-05, 0.00012507528299465775, 5.0733644457068294e-05]",AfD,AfD
"[0.0003062263422179967, 0.5376610159873962, 0.03247790038585663, 0.012521647848188877, 0.0004038345068693161, 0.4166293144226074]",SPD,CDU/CSU
"[0.0001603487180545926, 0.0002547659969422966, 0.9989764094352722, 0.0003142246278002858, 0.00011938880197703838, 0.00017488417506683618]",FDP,FDP
"[0.00020356594177428633, 0.0923701822757721, 0.12104056030511856, 0.01671559177339077, 0.0026679858565330505, 0.7670021057128906]",SPD,SPD
"[0.00039448338793590665, 0.00019486388191580772, 0.001477912999689579, 0.8769720196723938, 0.0003654557222034782, 0.12059526890516281]",GRÜNE,GRÜNE
"[0.0001428264076821506, 0.011859430000185966, 0.004721523728221655, 0.03622973710298538, 0.00025712756905704737, 0.9467893242835999]",FDP,SPD
"[0.00015765888383612037, 0.05123242363333702, 0.0017713374691084027, 0.0007202620035968721, 0.0026035879272967577, 0.9435147643089294]",SPD,SPD
"[0.0031445142813026905, 0.0027865420561283827, 0.023218680173158646, 0.02132110670208931, 0.0008759454940445721, 0.9486532211303711]",SPD,SPD
"[0.9761490225791931, 0.0011096621165052056, 0.021177932620048523, 0.0005421182722784579, 0.0007795778219588101, 0.00024169485550373793]",AfD,AfD
"[0.0003111368278041482, 0.8214461803436279, 0.04005184397101402, 0.02991146221756935, 0.0003688975120894611, 0.10791041702032089]",CDU/CSU,CDU/CSU
"[0.0015473897801712155, 0.0019653134513646364, 0.14895200729370117, 0.11592236906290054, 0.0012422142317518592, 0.7303707003593445]",FDP,SPD
"[0.516085147857666, 0.05220135301351547, 0.09108626842498779, 0.007069794461131096, 0.0012329129967838526, 0.3323245048522949]",AfD,AfD
"[0.000308522314298898, 0.7396488189697266, 0.017075100913643837, 0.0007480214117094874, 0.00028124923119321465, 0.2419382482767105]",CDU/CSU,CDU/CSU
"[0.9982615113258362, 0.00017328301328234375, 0.0001689324708422646, 0.00015319666999857873, 0.001190733164548874, 5.2332008635858074e-05]",AfD,AfD
"[0.00056675192900002, 0.12736213207244873, 0.025409741327166557, 0.0035463939420878887, 0.0005706688389182091, 0.8425443172454834]",SPD,SPD
"[0.0004878138133790344, 0.019448041915893555, 0.048376500606536865, 0.5337641835212708, 0.018313519656658173, 0.37960997223854065]",GRÜNE,GRÜNE
"[0.006183241493999958, 0.6873083114624023, 0.2723855972290039, 0.004427693784236908, 0.00033168139634653926, 0.029363509267568588]",CDU/CSU,CDU/CSU
"[0.9980093240737915, 0.0007096501067280769, 0.000945436127949506, 0.00010601251415209845, 0.0001913131563924253, 3.820210258709267e-05]",AfD,AfD
"[0.0003561278572306037, 0.006418189033865929, 0.01395373698323965, 0.2212238311767578, 0.0023131915368139744, 0.755734920501709]",GRÜNE,SPD
"[0.9594748020172119, 0.016922641545534134, 0.01825018785893917, 0.0016911744605749846, 0.002011080039665103, 0.0016501278150826693]",AfD,AfD
"[0.013567663729190826, 0.07496149837970734, 0.877392053604126, 0.03154898062348366, 0.0017788833938539028, 0.0007508705602958798]",FDP,FDP
"[0.0006062480970285833, 0.7542062997817993, 0.042727693915367126, 0.009422977454960346, 0.0003746560832951218, 0.1926620751619339]",CDU/CSU,CDU/CSU
"[0.00018675327009987086, 0.4923764169216156, 0.2177557498216629, 0.029243938624858856, 0.0003309261810500175, 0.2601062059402466]",SPD,CDU/CSU
"[0.00017139186093118042, 0.9970025420188904, 0.0013833744451403618, 0.0007377303554676473, 0.00020439489162527025, 0.0005005764542147517]",CDU/CSU,CDU/CSU
"[0.00038387937820516527, 0.04236874729394913, 0.04148726910352707, 0.32035553455352783, 0.0006047495407983661, 0.594799816608429]",GRÜNE,SPD
"[0.01800007000565529, 0.5426130294799805, 0.20925883948802948, 0.000499589485116303, 0.00165487639605999, 0.22797363996505737]",CDU/CSU,CDU/CSU
"[0.00020731848780997097, 0.9719230532646179, 0.001462272135540843, 0.00032108902814798057, 0.00015786988660693169, 0.0259284395724535]",CDU/CSU,CDU/CSU
"[0.000800269830506295, 0.7601874470710754, 0.1244036853313446, 0.00788486935198307, 0.00016350018267985433, 0.10656023770570755]",CDU/CSU,CDU/CSU
"[0.00018482981249690056, 0.025255421176552773, 0.0008615921251475811, 0.020321717485785484, 0.00043964129872620106, 0.9529368281364441]",SPD,SPD
"[0.00016654218779876828, 0.972662091255188, 0.001918937312439084, 0.0008406986598856747, 0.00019053960568271577, 0.024221178144216537]",CDU/CSU,CDU/CSU
"[0.0020800409838557243, 0.14927250146865845, 0.8300121426582336, 0.014672037214040756, 0.002140199299901724, 0.0018231059657409787]",FDP,FDP
"[0.001295698108151555, 0.06876605749130249, 0.8867918252944946, 0.019213875755667686, 0.0028363275341689587, 0.02109619230031967]",FDP,FDP
"[0.00027004361618310213, 0.00042777255293913186, 3.8383885112125427e-05, 0.0042913081124424934, 0.9947757720947266, 0.00019671383779495955]",LINKE,LINKE
"[0.00020829083223361522, 0.21449458599090576, 0.0038902678061276674, 0.03116779774427414, 0.0005188272334635258, 0.7497202754020691]",SPD,SPD
"[0.00034549160045571625, 0.016385957598686218, 0.14214837551116943, 0.543534517288208, 0.03527593985199928, 0.2623097002506256]",GRÜNE,GRÜNE
"[0.9984968304634094, 0.0007222422282211483, 0.0005753012374043465, 8.99643637239933e-05, 6.479307921836153e-05, 5.0887516408693045e-05]",AfD,AfD
"[0.0003870087384711951, 0.6873265504837036, 0.26800283789634705, 0.03336005657911301, 0.0014845778932794929, 0.009438908658921719]",CDU/CSU,CDU/CSU
"[0.9982215762138367, 0.0006993618444539607, 0.0007064518867991865, 7.875759183662012e-05, 0.00024694702005945146, 4.690739660873078e-05]",AfD,AfD
"[0.0003947872610297054, 0.0022247880697250366, 0.0007016905583441257, 0.47732868790626526, 0.005250539630651474, 0.5140995383262634]",SPD,SPD
"[0.0019559820648282766, 0.876872181892395, 0.07113947719335556, 0.020634647458791733, 0.0015594449359923601, 0.027838226407766342]",CDU/CSU,CDU/CSU
"[0.6691084504127502, 0.03217078372836113, 0.09152689576148987, 0.035948995500802994, 0.1709078699350357, 0.0003369742480572313]",AfD,AfD
"[0.0005947148893028498, 0.011724859476089478, 0.11240740865468979, 0.09886566549539566, 0.0003801400598604232, 0.7760272026062012]",SPD,SPD
"[0.9936678409576416, 0.0011724077630788088, 0.0018750934395939112, 0.000220317262574099, 0.0029907124117016792, 7.365499186562374e-05]",AfD,AfD
"[0.00026264332700520754, 0.39564549922943115, 0.01594136282801628, 0.21796686947345734, 0.0004541845410130918, 0.3697294592857361]",SPD,CDU/CSU
"[0.0009433591039851308, 0.04946610704064369, 0.1009039506316185, 0.7938388586044312, 0.047357626259326935, 0.007490168325603008]",GRÜNE,GRÜNE
"[0.9975126385688782, 0.000336234166752547, 0.0018683889647945762, 0.00010972086602123454, 7.322008605115116e-05, 9.97695024125278e-05]",AfD,AfD
"[0.0005638193106278777, 0.39148059487342834, 0.04622757062315941, 0.01740776002407074, 0.0005118994158692658, 0.5438083410263062]",CDU/CSU,SPD
"[0.0041189370676875114, 0.302356481552124, 0.008333823643624783, 0.01194239966571331, 0.015804672613739967, 0.657443642616272]",SPD,SPD
"[0.00041497114580124617, 0.8160193562507629, 0.003018707036972046, 0.027262503281235695, 0.0008547980687581003, 0.1524297147989273]",CDU/CSU,CDU/CSU
"[0.0031421061139553785, 0.3785400390625, 0.17581826448440552, 0.010411384515464306, 0.0008781920769251883, 0.4312100410461426]",CDU/CSU,SPD
"[0.0005727700772695243, 0.008835505694150925, 0.002467938233166933, 0.02284824475646019, 0.9570991396903992, 0.008176369592547417]",LINKE,LINKE
"[0.00018861613352783024, 0.29772722721099854, 0.0068448325619101524, 0.0149388974532485, 0.000744190183468163, 0.6795561909675598]",SPD,SPD
"[0.00941479578614235, 0.002619132399559021, 0.03687138110399246, 0.8530911207199097, 0.0418216809630394, 0.05618181452155113]",GRÜNE,GRÜNE
"[0.00019586735288612545, 0.9753390550613403, 0.0008737683529034257, 0.0003504773776512593, 0.0009183534421026707, 0.022322457283735275]",CDU/CSU,CDU/CSU
"[0.00024565259809605777, 0.04297101870179176, 0.25685372948646545, 0.2937944829463959, 0.0005864836275577545, 0.4055486023426056]",SPD,SPD
"[0.006317926105111837, 0.011288437992334366, 0.006302074994891882, 0.004677850287407637, 0.9647905230522156, 0.0066231838427484035]",LINKE,LINKE
"[0.07076477259397507, 0.8182886838912964, 0.09182020276784897, 0.00502389669418335, 0.001430321717634797, 0.012672154232859612]",CDU/CSU,CDU/CSU
"[0.00934141967445612, 0.12773166596889496, 0.22852452099323273, 0.14099657535552979, 0.4584347903728485, 0.03497103601694107]",GRÜNE,LINKE
"[0.002111366717144847, 0.10117459297180176, 0.06792180240154266, 0.12106788158416748, 0.0031318203546106815, 0.7045925259590149]",SPD,SPD
"[0.6161171197891235, 0.252333402633667, 0.05173782631754875, 0.006532113999128342, 0.004611372947692871, 0.0686681792140007]",AfD,AfD
"[0.0016592179890722036, 0.03902684897184372, 0.5427058935165405, 0.07974407076835632, 0.0006503213662654161, 0.3362135887145996]",FDP,FDP
"[0.00037854211404919624, 0.5656726360321045, 0.42451930046081543, 0.004949167836457491, 0.00014129802002571523, 0.004339069593697786]",CDU/CSU,CDU/CSU
"[0.000252555008046329, 0.0008639864972792566, 0.0008906524744816124, 0.39372560381889343, 0.000545914750546217, 0.6037213206291199]",SPD,SPD
"[0.08036549389362335, 0.7477336525917053, 0.0017977453535422683, 0.16062115132808685, 0.002011116361245513, 0.007470887154340744]",CDU/CSU,CDU/CSU
"[0.0003894252877216786, 0.0011307895183563232, 0.0002707973471842706, 0.4454042613506317, 0.0008661821484565735, 0.551938533782959]",SPD,SPD
"[0.0002698118914850056, 0.0017152492655441165, 0.0005608850624412298, 0.0008271230617538095, 0.0001039473427226767, 0.9965229034423828]",SPD,SPD
"[0.9631921052932739, 0.03028504177927971, 0.004954688251018524, 0.00020231868256814778, 0.0006358560640364885, 0.0007299688877537847]",AfD,AfD
"[0.0021331636235117912, 0.05555490031838417, 0.9277862310409546, 0.0021604171488434076, 0.006362233776599169, 0.006003088317811489]",FDP,FDP
"[0.00037176674231886864, 0.021490516141057014, 0.8991166949272156, 0.009840111248195171, 0.00033841037657111883, 0.06884251534938812]",FDP,FDP
"[0.00022669369354844093, 0.9321877956390381, 0.01743714138865471, 0.0003892385575454682, 0.0002684848150238395, 0.04949071258306503]",CDU/CSU,CDU/CSU
"[0.9858074188232422, 0.0013810376403853297, 0.011780325323343277, 7.78070098021999e-05, 0.0007456103339791298, 0.0002079009427689016]",AfD,AfD
"[0.017448028549551964, 0.36870503425598145, 0.0036575139965862036, 0.00856310036033392, 0.0018906649202108383, 0.599735677242279]",SPD,SPD
"[0.0004359170561656356, 0.3845115303993225, 0.032100073993206024, 0.04937812313437462, 0.0008603695314377546, 0.5327139496803284]",SPD,SPD
"[0.0002485611184965819, 0.019274648278951645, 0.5750818252563477, 0.1966732293367386, 0.028999067842960358, 0.1797226518392563]",FDP,FDP
"[0.9990191459655762, 0.00029851094586774707, 0.0005050025065429509, 4.269075361662544e-05, 7.898174226284027e-05, 5.578809214057401e-05]",AfD,AfD
"[0.0004264801100362092, 0.0008714271243661642, 0.004032444674521685, 0.25243258476257324, 0.0003239998477511108, 0.7419130802154541]",SPD,SPD
"[0.00028494655271060765, 0.11167504638433456, 0.008506390266120434, 0.05855806544423103, 0.0006323912530206144, 0.8203431963920593]",SPD,SPD
"[0.0009434866369701922, 0.44518551230430603, 0.18856918811798096, 0.01349614653736353, 0.32340651750564575, 0.02839919924736023]",FDP,CDU/CSU
"[0.000350959540810436, 0.0011586329201236367, 0.00013903671060688794, 0.002639047335833311, 0.9934670925140381, 0.0022451747208833694]",LINKE,LINKE
"[0.0001694931270321831, 0.004420741461217403, 0.01355645339936018, 0.909912645816803, 0.005378672853112221, 0.06656201183795929]",GRÜNE,GRÜNE
"[0.0006332932971417904, 0.6708005666732788, 0.009286588057875633, 0.00840381346642971, 0.0033596602734178305, 0.30751609802246094]",CDU/CSU,CDU/CSU
"[0.0005255721625871956, 0.0024278489872813225, 0.03781141713261604, 0.3421495258808136, 0.0011524481233209372, 0.6159331798553467]",GRÜNE,SPD
"[0.41854074597358704, 0.16902507841587067, 0.12940473854541779, 0.1865890771150589, 0.08729062229394913, 0.009149777702987194]",AfD,AfD
"[0.0003019979631062597, 0.39920467138290405, 0.04950777813792229, 0.01988881267607212, 0.00028428484802134335, 0.5308125019073486]",CDU/CSU,SPD
"[0.0007252166979014874, 0.027721619233489037, 0.08387774229049683, 0.34574082493782043, 0.032082948833703995, 0.5098516345024109]",SPD,SPD
"[0.0008849822334013879, 0.10827082395553589, 0.030541086569428444, 0.34365227818489075, 0.023572521284222603, 0.4930783212184906]",SPD,SPD
"[0.021076954901218414, 0.7449676990509033, 0.06588224321603775, 0.04703335836529732, 0.03263230249285698, 0.08840738236904144]",CDU/CSU,CDU/CSU
"[0.0016505250241607428, 0.4583313465118408, 0.005817260593175888, 0.017232054844498634, 0.4972432255744934, 0.019725529477000237]",CDU/CSU,LINKE
"[0.001053091138601303, 0.2066287100315094, 0.6524367332458496, 0.0032681177835911512, 0.0005158719141036272, 0.1360974758863449]",CDU/CSU,FDP
"[0.0001398751192027703, 0.014502950012683868, 0.06866803020238876, 0.9001180529594421, 0.0013348968932405114, 0.015236114151775837]",FDP,GRÜNE
"[0.0001686523319222033, 0.011624795384705067, 0.0011343468213453889, 0.7602283358573914, 0.01540087815374136, 0.21144306659698486]",GRÜNE,GRÜNE
"[0.0003442670567892492, 0.43846628069877625, 0.07209520787000656, 0.02690211497247219, 0.0006803176365792751, 0.46151185035705566]",FDP,SPD
"[0.001124967122450471, 0.4676688313484192, 0.31956928968429565, 0.0684034451842308, 0.026592127978801727, 0.11664135754108429]",LINKE,CDU/CSU
"[0.00014878097863402218, 9.058892464963719e-05, 3.6754750908585265e-05, 0.0003508211812004447, 0.9992427229881287, 0.0001303613098571077]",LINKE,LINKE
"[0.0008145170286297798, 0.024481801316142082, 0.0013432748382911086, 0.0034782150760293007, 0.63881915807724, 0.33106303215026855]",LINKE,LINKE
"[0.0003765897417906672, 0.00806275475770235, 0.9341663718223572, 0.02359812892973423, 0.000502749637234956, 0.033293452113866806]",FDP,FDP
"[0.0005268718814477324, 0.0010327770141884685, 0.07836682349443436, 0.7376206517219543, 0.0003363449650350958, 0.1821165233850479]",GRÜNE,GRÜNE
"[0.0005067801102995872, 0.0002447844308335334, 8.14419545349665e-05, 0.000924527645111084, 0.9968843460083008, 0.0013580520171672106]",LINKE,LINKE
"[0.000407391635235399, 0.7704330682754517, 0.20724567770957947, 0.013574128970503807, 0.004461532458662987, 0.003878227202221751]",CDU/CSU,CDU/CSU
"[0.0008813557797111571, 0.5654969811439514, 0.0945710837841034, 0.013077907264232635, 0.00031690471223555505, 0.3256557881832123]",SPD,CDU/CSU
"[0.00018497314886189997, 0.00663737952709198, 0.006627719849348068, 0.9715226888656616, 0.013428982347249985, 0.0015982110053300858]",GRÜNE,GRÜNE
"[0.0025961336214095354, 0.016891760751605034, 0.14313508570194244, 0.7829020619392395, 0.05270790681242943, 0.001766954897902906]",FDP,GRÜNE
"[0.9994326829910278, 0.00021454374655149877, 0.00017125335580203682, 4.5140339352656156e-05, 0.00010335822298657149, 3.3116506529040635e-05]",AfD,AfD
"[0.00011310854461044073, 0.012035617604851723, 0.0186977069824934, 0.030539141967892647, 0.00028982642106711864, 0.9383245706558228]",SPD,SPD
"[0.0005032022017985582, 0.9949440360069275, 0.001782415434718132, 0.0014320643385872245, 0.0003928623627871275, 0.0009454566752538085]",CDU/CSU,CDU/CSU
"[0.9867473840713501, 0.011527059599757195, 0.0013078628107905388, 9.188867988996208e-05, 0.00022525624081026763, 0.00010053581354441121]",AfD,AfD
"[0.0003496138087939471, 0.4557265043258667, 0.39525318145751953, 0.009138734079897404, 0.00030706715187989175, 0.13922494649887085]",CDU/CSU,CDU/CSU
"[0.00012008311750832945, 0.027431707829236984, 0.0019051104318350554, 0.012146132066845894, 0.0013625622959807515, 0.9570344090461731]",SPD,SPD
"[0.00029506708960980177, 0.9926612377166748, 0.004983807913959026, 0.0004797294095624238, 0.00042801970266737044, 0.0011520389234647155]",CDU/CSU,CDU/CSU
"[0.0033082521986216307, 0.041468020528554916, 0.027357518672943115, 0.07820326089859009, 0.34289267659187317, 0.5067703127861023]",SPD,SPD
"[0.0016493769362568855, 0.031878259032964706, 0.08347008377313614, 0.5425850749015808, 0.01159477885812521, 0.32882237434387207]",SPD,GRÜNE
"[0.001137506915256381, 0.5762094259262085, 0.27869945764541626, 0.017980126664042473, 0.0015479098074138165, 0.12442562729120255]",CDU/CSU,CDU/CSU
"[0.0004967114073224366, 0.04298035800457001, 0.06744647771120071, 0.42873167991638184, 0.004485755693167448, 0.4558590054512024]",FDP,SPD
"[0.000216844113310799, 0.042107053101062775, 0.07908203452825546, 0.12745821475982666, 0.00019343450549058616, 0.7509424090385437]",GRÜNE,SPD
"[0.001909371349029243, 0.0457206666469574, 0.8394525647163391, 0.007833005860447884, 0.00023090087051969022, 0.10485351085662842]",SPD,FDP
"[0.0001285925245610997, 0.0003245468542445451, 5.423722177511081e-05, 0.002760190051048994, 0.9962233304977417, 0.00050909019773826]",LINKE,LINKE
"[0.0013012675335630774, 0.9397973418235779, 0.05267500877380371, 0.0019048769026994705, 0.0008311622659675777, 0.0034904174972325563]",CDU/CSU,CDU/CSU
"[0.999315083026886, 0.00036372413160279393, 0.00011776568135246634, 3.702468529809266e-05, 9.234528988599777e-05, 7.409053796436638e-05]",AfD,AfD
"[0.0003253888280596584, 0.03231502324342728, 0.22282858192920685, 0.19214484095573425, 0.0002827269199769944, 0.5521034002304077]",SPD,SPD
"[0.0002841652021743357, 0.0003270702436566353, 0.9985063672065735, 0.00024437246611341834, 0.0001866538659669459, 0.00045141729060560465]",FDP,FDP
"[0.00022810530208516866, 0.9955040812492371, 0.0005801341030746698, 0.0001986398856388405, 0.00016195305215660483, 0.003327143145725131]",CDU/CSU,CDU/CSU
"[0.00023025806876830757, 0.014276688918471336, 0.0034386999905109406, 0.02473619021475315, 0.0005133795784786344, 0.9568047523498535]",SPD,SPD
"[0.00036885857116431, 0.0004995389608666301, 0.0011369084240868688, 0.7808895111083984, 0.000803195929620415, 0.21630196273326874]",GRÜNE,GRÜNE
"[0.0004278224951121956, 0.07433071732521057, 0.003642747178673744, 0.052357450127601624, 0.001698048203252256, 0.8675432801246643]",SPD,SPD
"[0.02602202631533146, 0.07736234366893768, 0.17144829034805298, 0.3364666998386383, 0.022018199786543846, 0.3666824400424957]",GRÜNE,SPD
"[0.00037358200643211603, 0.00045018954551778734, 0.00044520231313072145, 0.010138276033103466, 0.9878172278404236, 0.0007754450780339539]",LINKE,LINKE
"[0.001164832734502852, 0.16043932735919952, 0.1819535493850708, 0.15239913761615753, 0.002991923363879323, 0.5010512471199036]",SPD,SPD
"[0.9989038705825806, 0.0003634453460108489, 0.0003871279186569154, 5.9804515331052244e-05, 0.00025223218835890293, 3.3472588256699964e-05]",AfD,AfD
"[0.000359512836439535, 0.3663780391216278, 0.004182003438472748, 0.002584984293207526, 0.00043735350482165813, 0.6260581612586975]",SPD,SPD
"[0.34474533796310425, 0.5472946166992188, 0.10607143491506577, 0.0003805792657658458, 0.0008651791140437126, 0.0006429169443435967]",AfD,CDU/CSU
"[0.0006889820797368884, 0.7941926717758179, 0.19550834596157074, 0.00046383848530240357, 0.0007218767423182726, 0.00842429231852293]",CDU/CSU,CDU/CSU
"[0.000490500358864665, 0.01946105994284153, 0.1524876207113266, 0.34790879487991333, 0.0014434393960982561, 0.47820863127708435]",SPD,SPD
"[0.00045863541890867054, 0.9015294313430786, 0.007727540098130703, 0.001212489907629788, 0.0002901701664086431, 0.08878175169229507]",CDU/CSU,CDU/CSU
"[0.00029100626125000417, 0.6731870770454407, 0.26816168427467346, 0.008436798118054867, 0.002070092596113682, 0.047853320837020874]",CDU/CSU,CDU/CSU
"[0.0008959919214248657, 0.3849170506000519, 0.23548543453216553, 0.022846439853310585, 0.00036290378193371, 0.35549214482307434]",GRÜNE,CDU/CSU
"[0.0029134745709598064, 0.1503278613090515, 0.08509930223226547, 0.0023212784435600042, 0.5427208542823792, 0.21661722660064697]",LINKE,LINKE
"[0.004891251679509878, 0.08468970656394958, 0.0022915282752364874, 0.09337273240089417, 0.27722880244255066, 0.53752601146698]",SPD,SPD
"[0.00035803846549242735, 0.1513981968164444, 0.19055645167827606, 0.013569645583629608, 0.0003082733310293406, 0.6438093781471252]",SPD,SPD
"[0.00011670286767184734, 0.9791716933250427, 0.017397906631231308, 0.0022744478192180395, 0.00046821078285574913, 0.0005710230325348675]",CDU/CSU,CDU/CSU
"[0.5903266668319702, 0.26244306564331055, 0.10205310583114624, 0.015819570049643517, 0.00105326808989048, 0.02830428257584572]",AfD,AfD
"[0.003468662267550826, 0.924645185470581, 0.0020132886711508036, 0.0036709841806441545, 0.0004972839378751814, 0.0657045841217041]",CDU/CSU,CDU/CSU
"[0.00019798334687948227, 0.07529409974813461, 0.015487701632082462, 0.01582387089729309, 0.00028968616970814764, 0.8929067254066467]",SPD,SPD
"[0.00034893350675702095, 0.12005456537008286, 0.18540018796920776, 0.683484673500061, 0.004076072480529547, 0.006635530386120081]",GRÜNE,GRÜNE
"[0.00013347272761166096, 0.00021290004951879382, 4.664916195906699e-05, 0.004673051182180643, 0.9946032762527466, 0.0003306633443571627]",LINKE,LINKE
"[0.0003949771053157747, 0.4678165018558502, 0.19758427143096924, 0.051093943417072296, 0.0003594002337194979, 0.2827509343624115]",CDU/CSU,CDU/CSU
"[0.0012717325007542968, 0.6242969036102295, 0.008640522137284279, 0.0022229906171560287, 0.001230572466738522, 0.36233726143836975]",SPD,CDU/CSU
"[0.00023763751960359514, 0.9912084341049194, 0.001036049914546311, 0.004894642625004053, 0.00028106276295147836, 0.002342057880014181]",CDU/CSU,CDU/CSU
"[0.998162567615509, 0.0011466548312455416, 0.00045245271758176386, 5.665609205607325e-05, 7.495984755223617e-05, 0.00010668418690329418]",AfD,AfD
"[0.0003638015186879784, 0.0006794383516535163, 0.005226160865277052, 0.16024601459503174, 0.003108065575361252, 0.8303765058517456]",SPD,SPD
"[0.00039370765443891287, 0.8067782521247864, 0.020608285441994667, 0.002267429605126381, 0.00032014286261983216, 0.1696321815252304]",SPD,CDU/CSU
"[0.7471764087677002, 0.04091363772749901, 0.0829586610198021, 0.002502931049093604, 0.12457000464200974, 0.0018782720435410738]",AfD,AfD
"[0.00023843180679250509, 0.7286345958709717, 0.0064209881238639355, 0.002312365220859647, 0.00036503360024653375, 0.2620285749435425]",CDU/CSU,CDU/CSU
"[0.5363206267356873, 0.030939588323235512, 0.4097081124782562, 0.0182416420429945, 0.0021486179903149605, 0.0026414457242935896]",AfD,AfD
"[0.000739381939638406, 0.7042029500007629, 0.005596568342298269, 0.012350983917713165, 0.00028075891896151006, 0.2768292725086212]",CDU/CSU,CDU/CSU
"[0.04401674121618271, 0.5000689029693604, 0.447384238243103, 0.0007445169612765312, 0.002284332877025008, 0.005501277279108763]",AfD,CDU/CSU
"[0.9993773698806763, 0.00030430604238063097, 0.0001325758930761367, 3.945962816942483e-05, 8.896414510672912e-05, 5.731627607019618e-05]",AfD,AfD
"[0.09748164564371109, 0.8604970574378967, 0.02679889276623726, 0.0018025662284344435, 0.006213710177689791, 0.007206076290458441]",CDU/CSU,CDU/CSU
"[0.0006981436163187027, 0.242353156208992, 0.010054058395326138, 0.00041346391662955284, 0.0008912835037335753, 0.7455898523330688]",SPD,SPD
"[0.00039083443698473275, 0.31073370575904846, 0.0002900103572756052, 0.0012387027963995934, 0.00026789979892782867, 0.6870787739753723]",SPD,SPD
"[0.003827456384897232, 0.02622160129249096, 0.9368470311164856, 0.02303110808134079, 0.0021870052441954613, 0.007885788567364216]",FDP,FDP
"[0.00015703206008765846, 0.0007608578307554126, 0.9984856843948364, 0.00016993364260997623, 0.00011354402522556484, 0.0003129590768367052]",FDP,FDP
"[0.7890570163726807, 0.002403185935690999, 0.00240260805003345, 0.002712322399020195, 0.2033468335866928, 7.801868923706934e-05]",AfD,AfD
"[0.0003955728898290545, 0.6735327839851379, 0.024218318983912468, 0.0011847667628899217, 0.0007503614760935307, 0.29991811513900757]",CDU/CSU,CDU/CSU
"[0.10604355484247208, 0.029786543920636177, 0.02685965597629547, 0.2452094703912735, 0.36735427379608154, 0.2247464656829834]",LINKE,LINKE
"[0.00022128599812276661, 0.1506889909505844, 0.009668049402534962, 0.00796542689204216, 0.0007159423548728228, 0.8307403326034546]",SPD,SPD
"[0.9927520155906677, 0.00263177789747715, 0.003762494772672653, 0.00032243781606666744, 0.0002643049811013043, 0.00026701114256866276]",AfD,AfD
"[0.0003604641533456743, 0.10742031782865524, 0.024697043001651764, 0.015070274472236633, 0.0002490458427928388, 0.8522028923034668]",SPD,SPD
"[0.0013736489927396178, 0.019468167796730995, 0.0010669883340597153, 0.31067389249801636, 0.1508241891860962, 0.5165931582450867]",SPD,SPD
"[0.0003238143981434405, 0.012891275808215141, 0.1762833595275879, 0.5860916972160339, 0.00023859142675064504, 0.2241712510585785]",GRÜNE,GRÜNE
"[0.0011305126827210188, 0.7696158289909363, 0.1904762089252472, 0.0019310477655380964, 0.000276711187325418, 0.03656976297497749]",FDP,CDU/CSU
"[0.0009086796781048179, 0.27837124466896057, 0.15775398910045624, 0.030967524275183678, 0.004820338450372219, 0.5271782279014587]",SPD,SPD
"[0.00042996281990781426, 0.28440436720848083, 0.011698323301970959, 0.010614583268761635, 0.00028850551461800933, 0.6925642490386963]",CDU/CSU,SPD
"[0.0008561362628825009, 0.2502328157424927, 0.2121409773826599, 0.0997406616806984, 0.0002978146367240697, 0.43673157691955566]",CDU/CSU,SPD
"[0.00013102668162900954, 0.00011012023605871946, 9.291183232562616e-05, 0.0012413269141688943, 0.9983683228492737, 5.629886800306849e-05]",LINKE,LINKE
"[0.004888650495558977, 0.28941604495048523, 0.03227910026907921, 0.05714011192321777, 0.03118572197854519, 0.5850904583930969]",SPD,SPD
"[0.0004389006644487381, 0.017742542549967766, 0.0022950589191168547, 0.08997888118028641, 0.023619281128048897, 0.8659253120422363]",SPD,SPD
"[0.0005426557036116719, 0.6338510513305664, 0.34397947788238525, 0.013250621035695076, 0.0036645312793552876, 0.004711692221462727]",CDU/CSU,CDU/CSU
"[9.39373203436844e-05, 0.000980579061433673, 0.0012674095341935754, 0.9895892143249512, 0.004847599193453789, 0.0032213451340794563]",GRÜNE,GRÜNE
"[0.0003162117791362107, 0.010288636200129986, 0.0052230446599423885, 0.9772764444351196, 0.0006478220457211137, 0.006247874349355698]",GRÜNE,GRÜNE
"[0.0004425039514899254, 0.0026991518680006266, 0.6114057898521423, 0.2163892537355423, 0.0006218398339115083, 0.16844148933887482]",FDP,FDP
"[0.0008567086770199239, 0.88323974609375, 0.0018884962191805243, 0.0017183591844514012, 0.0011953557841479778, 0.11110126227140427]",CDU/CSU,CDU/CSU
"[0.00017729750834405422, 0.9980366230010986, 0.0007591552566736937, 0.000196957538719289, 0.00023297342704609036, 0.000596932542975992]",CDU/CSU,CDU/CSU
"[0.00419027591124177, 0.08459541946649551, 0.07855883240699768, 0.8271427154541016, 0.004681140184402466, 0.0008315957966260612]",GRÜNE,GRÜNE
"[0.00036800705129280686, 0.04866504296660423, 0.9218149781227112, 0.012243750505149364, 0.000138166913529858, 0.01677003502845764]",FDP,FDP
"[0.9980250597000122, 0.0003826297470368445, 0.0006578256143257022, 0.0002716125163715333, 0.00052925810450688, 0.00013363668404053897]",AfD,AfD
"[0.000502752372995019, 0.6559876203536987, 0.03360161557793617, 0.0024140900932252407, 0.00048670958494767547, 0.3070072531700134]",CDU/CSU,CDU/CSU
"[0.0005613918183371425, 0.0010508685372769833, 0.06655671447515488, 0.8431264162063599, 0.0024054618552327156, 0.08629917353391647]",FDP,GRÜNE
"[0.0003466377966105938, 0.060513660311698914, 0.10827276110649109, 0.009132020175457, 0.00027211898122914135, 0.8214628100395203]",SPD,SPD
"[0.048726897686719894, 0.9108995199203491, 0.025644971057772636, 0.001890358398668468, 0.005197277758270502, 0.007641091011464596]",CDU/CSU,CDU/CSU
"[0.006845908705145121, 0.060542088001966476, 0.2538979649543762, 0.0023246584460139275, 0.6754965782165527, 0.0008927416056394577]",LINKE,LINKE
"[0.0002644668857101351, 0.018988901749253273, 0.0013391980901360512, 0.05115028843283653, 0.006825824733823538, 0.921431303024292]",SPD,SPD
"[0.0003973720013163984, 0.9978786706924438, 0.0005073299980722368, 0.0004960569203831255, 0.00027469859924167395, 0.00044580287067219615]",CDU/CSU,CDU/CSU
"[0.19719836115837097, 0.009646854363381863, 0.03921172022819519, 0.0011476606596261263, 0.7500557899475098, 0.0027396846562623978]",FDP,LINKE
"[0.333162397146225, 0.26319029927253723, 0.3317358195781708, 0.02879440039396286, 0.004620385821908712, 0.03849669173359871]",CDU/CSU,AfD
"[0.0013598492369055748, 0.3014416992664337, 0.6822628974914551, 0.0007783586625009775, 0.0001174880817416124, 0.014039644040167332]",FDP,FDP
"[0.0009058156865648925, 0.01301837619394064, 0.12263503670692444, 0.3985048532485962, 0.00030276033794507384, 0.46463316679000854]",GRÜNE,SPD
"[0.0011604216415435076, 0.186506986618042, 0.0015579925384372473, 0.011960793286561966, 0.03400541841983795, 0.7648084163665771]",SPD,SPD
"[0.00019901650375686586, 0.003118076827377081, 0.007841693237423897, 0.9352549314498901, 0.00012549632810987532, 0.05346076935529709]",GRÜNE,GRÜNE
"[0.0005676142172887921, 0.002434179186820984, 0.14037124812602997, 0.8217655420303345, 0.034039512276649475, 0.000821855035610497]",GRÜNE,GRÜNE
"[7.211346382973716e-05, 0.014034394174814224, 0.0026006533298641443, 0.004286748357117176, 0.00016771350055933, 0.9788382649421692]",SPD,SPD
"[0.00027503931778483093, 0.6978704333305359, 0.054163169115781784, 0.01757124811410904, 0.00023040985979605466, 0.22988970577716827]",CDU/CSU,CDU/CSU
"[0.014882124029099941, 0.06971423327922821, 0.9087488651275635, 0.0025010849349200726, 0.0004027239920105785, 0.0037509771063923836]",FDP,FDP
"[0.00030085252365097404, 0.002517112996429205, 0.00017879584629554302, 0.00204320065677166, 0.0002612874668557197, 0.9946988821029663]",SPD,SPD
"[0.007246399763971567, 0.4554535448551178, 0.016671812161803246, 0.037629008293151855, 0.024259746074676514, 0.45873942971229553]",SPD,SPD
"[0.0004050761053804308, 0.3839546740055084, 0.004907270427793264, 0.06701434403657913, 0.003838973818346858, 0.5398796200752258]",SPD,SPD
"[0.0006555357831530273, 0.2730797529220581, 0.719536542892456, 0.0003381287679076195, 0.0021556292194873095, 0.004234425723552704]",FDP,FDP
"[0.0003403061127755791, 0.14476890861988068, 0.16185499727725983, 0.007815065793693066, 0.0005861730896867812, 0.6846345067024231]",SPD,SPD
"[0.00020434251928236336, 0.0032117192167788744, 0.001873102388344705, 0.9527173638343811, 0.00031169436988420784, 0.04168180003762245]",GRÜNE,GRÜNE
"[0.9989144802093506, 0.0005615493864752352, 0.0003295214846730232, 5.516651799553074e-05, 5.9502996009541675e-05, 7.982042734511197e-05]",AfD,AfD
"[0.00018416122475173324, 0.4969289004802704, 0.0037553932052105665, 0.001802737475372851, 0.000399895099690184, 0.4969289004802704]",CDU/CSU,CDU/CSU
"[0.0013999525690451264, 0.19358955323696136, 0.014873509295284748, 0.11668998748064041, 0.03093705326318741, 0.642509937286377]",GRÜNE,SPD
"[0.9995008111000061, 0.00019055153825320303, 0.00014466510037891567, 5.231954128248617e-05, 6.94304981152527e-05, 4.22418124799151e-05]",AfD,AfD
"[0.9141055941581726, 0.06346026062965393, 0.006183305289596319, 0.002371629001572728, 0.0012631284771487117, 0.012616034597158432]",AfD,AfD
"[0.0007295968825928867, 0.5281087160110474, 0.0740451067686081, 0.04644841328263283, 0.0024396004155278206, 0.3482285737991333]",SPD,CDU/CSU
"[0.9985172152519226, 0.0005045054131187499, 0.0002398054930381477, 0.00019577931379899383, 0.0002509741752874106, 0.0002917111269198358]",AfD,AfD
"[0.0006154293077997863, 0.8513900637626648, 0.04373142123222351, 0.09747275710105896, 0.0036209269892424345, 0.003169485367834568]",CDU/CSU,CDU/CSU
"[0.0006606830866076052, 0.021334271878004074, 0.49635109305381775, 0.08116190880537033, 0.0003172951692249626, 0.40017473697662354]",SPD,FDP
"[0.0001815749565139413, 0.008114823140203953, 0.002529498655349016, 0.9342043399810791, 0.04933149367570877, 0.005638285540044308]",GRÜNE,GRÜNE
"[0.0002790516591630876, 0.022951072081923485, 0.01118495874106884, 0.14817525446414948, 0.017156314104795456, 0.8002533912658691]",SPD,SPD
"[0.0002632777323015034, 0.3852115273475647, 0.010845162905752659, 0.044705234467983246, 0.0009223688393831253, 0.5580524206161499]",SPD,SPD
"[0.9986350536346436, 0.0007227251771837473, 0.0003627212718129158, 6.288490840233862e-05, 0.00016422171029262245, 5.244199564913288e-05]",AfD,AfD
"[0.0008640254964120686, 0.19298668205738068, 0.0003395536041352898, 0.026069141924381256, 0.0009763853158801794, 0.7787641882896423]",SPD,SPD
"[0.00043239706428721547, 0.8659813404083252, 0.01525919046252966, 0.016900699585676193, 0.0002877742808777839, 0.101138636469841]",CDU/CSU,CDU/CSU
"[0.00019408049411140382, 0.08872286975383759, 0.07398609071969986, 0.008234399370849133, 0.0001339115115115419, 0.8287286162376404]",SPD,SPD
"[0.0002978322154376656, 0.0006738596712239087, 0.028211010619997978, 0.8924729228019714, 0.00021429045591503382, 0.07813006639480591]",GRÜNE,GRÜNE
"[0.9992699027061462, 0.0003097230801358819, 0.00021245400421321392, 5.916944064665586e-05, 7.179139356594533e-05, 7.702092261752114e-05]",AfD,AfD
"[0.0004841408517677337, 0.029681403189897537, 0.8075358271598816, 0.0021850140765309334, 0.00018560381431598216, 0.15992802381515503]",FDP,FDP
"[0.0007947240956127644, 0.07288402318954468, 0.12302586436271667, 0.08820722252130508, 0.0008889862219803035, 0.7141991257667542]",SPD,SPD
"[0.0044526830315589905, 0.8921047449111938, 0.0866582840681076, 0.0008990323403850198, 0.0015036012046039104, 0.014381584711372852]",CDU/CSU,CDU/CSU
"[0.3126426637172699, 0.06547420471906662, 0.5465161204338074, 0.022893764078617096, 0.010655349120497704, 0.041817959398031235]",AfD,FDP
"[0.01670827902853489, 0.1960463672876358, 0.01524269487708807, 0.07653449475765228, 0.14351846277713776, 0.551949679851532]",SPD,SPD
"[0.0017107754247263074, 0.12765924632549286, 0.3549518585205078, 0.07387011498212814, 0.00864518154412508, 0.4331628978252411]",FDP,SPD
"[0.0014372487785294652, 0.548315167427063, 0.26963990926742554, 0.10515842586755753, 0.000438721472164616, 0.07501062750816345]",CDU/CSU,CDU/CSU
"[0.0001845771330408752, 0.0026071418542414904, 0.0018024073215201497, 0.7882517576217651, 0.011573138646781445, 0.19558095932006836]",GRÜNE,GRÜNE
"[0.00023275939747691154, 0.010194695554673672, 0.447159081697464, 0.5214647650718689, 0.00013247388415038586, 0.020816201344132423]",GRÜNE,GRÜNE
"[0.0021805420983582735, 0.4716358780860901, 0.004218028858304024, 0.02560346946120262, 0.052472688257694244, 0.44388940930366516]",CDU/CSU,CDU/CSU
"[0.0001237544056493789, 0.0003012892266269773, 0.9989290237426758, 0.0002027745358645916, 0.0001439607294742018, 0.0002991798392031342]",FDP,FDP
"[0.008223387412726879, 0.035835668444633484, 0.1564638316631317, 0.6173241138458252, 0.010775741189718246, 0.1713772863149643]",GRÜNE,GRÜNE
"[0.02861727587878704, 0.051869820803403854, 0.48449742794036865, 0.17928406596183777, 0.03326152265071869, 0.22246989607810974]",LINKE,FDP
"[0.0002894434437621385, 0.002500064205378294, 0.011822734959423542, 0.8378575444221497, 0.0006819393020123243, 0.14684824645519257]",GRÜNE,GRÜNE
"[0.0022862213663756847, 0.19445699453353882, 0.11148961633443832, 0.09252142906188965, 0.19342903792858124, 0.4058166742324829]",FDP,SPD
"[0.9979482293128967, 0.0008607193012721837, 0.0009935809066519141, 4.6505811042152345e-05, 9.428433259017766e-05, 5.665159915224649e-05]",AfD,AfD
"[0.0003589855623431504, 0.0001252034562639892, 9.309512097388506e-05, 0.0024106912314891815, 0.9969472289085388, 6.478189607150853e-05]",LINKE,LINKE
"[0.0019949020352214575, 0.34620311856269836, 0.09875515848398209, 0.057809967547655106, 0.0029422363732010126, 0.4922945499420166]",CDU/CSU,SPD
"[0.9977411031723022, 0.0005103639559820294, 0.0005966759053990245, 0.0006296001956798136, 0.00028853362891823053, 0.00023366163077298552]",AfD,AfD
"[0.00035266909981146455, 0.4474925994873047, 0.14667101204395294, 0.009945282712578773, 0.00026033312315121293, 0.39527809619903564]",SPD,CDU/CSU
"[0.00014263366756495088, 0.00809831079095602, 0.9433141946792603, 0.021230824291706085, 0.0003757896483875811, 0.0268382765352726]",FDP,FDP
"[0.9991772174835205, 0.00044431985588744283, 0.0001221534184878692, 3.5355707950657234e-05, 0.0001787130895536393, 4.228027682984248e-05]",AfD,AfD
"[0.000241082685533911, 0.0013040979392826557, 0.01014972385019064, 0.5886080861091614, 0.004245190881192684, 0.3954518139362335]",SPD,GRÜNE
"[0.00025699957041069865, 0.0004374358686618507, 0.005287971347570419, 0.6722944974899292, 0.0012878981651738286, 0.32043519616127014]",GRÜNE,GRÜNE
"[0.0030497924890369177, 0.5758917927742004, 0.30748558044433594, 0.07011653482913971, 0.0033646675292402506, 0.04009163752198219]",CDU/CSU,CDU/CSU
"[0.0004009580297861248, 0.008302791975438595, 0.02595214545726776, 0.3575326204299927, 0.326574444770813, 0.28123706579208374]",LINKE,GRÜNE
"[0.009476156905293465, 0.5611235499382019, 0.4025300443172455, 0.007381980773061514, 0.0014305905206128955, 0.01805771328508854]",CDU/CSU,CDU/CSU
"[0.0005258821765892208, 0.9439110159873962, 0.0350756011903286, 0.001627127523534, 0.004278488922864199, 0.014581918716430664]",CDU/CSU,CDU/CSU
"[0.00024991753161884844, 0.09855219721794128, 0.0017516304505988955, 0.019039060920476913, 0.0005534564261324704, 0.8798537850379944]",SPD,SPD
"[0.000413086119806394, 0.00018264928075950593, 4.45672994828783e-05, 0.0001577829389134422, 0.9990366697311401, 0.00016518573102075607]",LINKE,LINKE
"[0.07337319105863571, 0.884691059589386, 0.03178592771291733, 0.003551644505932927, 0.001383596332743764, 0.005214599892497063]",CDU/CSU,CDU/CSU
"[0.00031554242013953626, 0.0005407166318036616, 0.005259110126644373, 0.003030908526852727, 0.00023334943398367614, 0.9906203746795654]",SPD,SPD
"[0.00024233969452325255, 0.024657540023326874, 0.0011378669878467917, 0.03662128746509552, 0.00033768158755265176, 0.9370033144950867]",SPD,SPD
"[0.6570839881896973, 0.04770994931459427, 0.13153748214244843, 0.07369498908519745, 0.05384666845202446, 0.036126915365457535]",AfD,AfD
"[0.0002520176349207759, 0.2227875143289566, 0.01891823299229145, 0.4872145354747772, 0.0012253974564373493, 0.2696022689342499]",CDU/CSU,GRÜNE
"[0.00031181564554572105, 0.11509046703577042, 0.002828801516443491, 0.028770502656698227, 0.00024991697864606977, 0.8527485132217407]",SPD,SPD
"[0.008161154575645924, 0.0010826882207766175, 0.98028165102005, 0.0052818902768194675, 0.0009587733075022697, 0.004233789164572954]",FDP,FDP
"[0.8119736313819885, 0.1273229569196701, 0.0008631284581497312, 0.022432487457990646, 0.017381835728883743, 0.020026028156280518]",AfD,AfD
"[0.00019601188250817358, 0.00637371651828289, 0.003941588569432497, 0.05775202438235283, 0.0003476194979157299, 0.9313890933990479]",SPD,SPD
"[0.001445358619093895, 0.037388626486063004, 0.0007204552530311048, 0.20919419825077057, 0.7495325207710266, 0.0017188196070492268]",LINKE,LINKE
"[0.0006612187717109919, 0.26651445031166077, 0.3595799505710602, 0.17225097119808197, 0.0011434175539761782, 0.199849933385849]",GRÜNE,FDP
"[0.0017747115343809128, 0.8493267893791199, 0.14146044850349426, 0.0010910506825894117, 0.0010797014692798257, 0.005267254542559385]",CDU/CSU,CDU/CSU
"[0.0013129407307133079, 0.0020063575357198715, 0.1821783185005188, 0.18855644762516022, 0.0007226281450130045, 0.6252233386039734]",SPD,SPD
"[0.00036514198291115463, 0.4841172695159912, 0.0036583365872502327, 0.002202666364610195, 0.00013205967843532562, 0.5095245242118835]",CDU/CSU,SPD
"[0.0193864144384861, 0.9700531959533691, 0.0029285955242812634, 0.00018628861289471388, 0.006510121747851372, 0.0009354350622743368]",CDU/CSU,CDU/CSU
"[0.000261317181866616, 0.48854732513427734, 0.028759846463799477, 0.05644617974758148, 0.000525298120919615, 0.4254600405693054]",SPD,CDU/CSU
"[0.21734696626663208, 0.7275962233543396, 0.03913162276148796, 0.01191238034516573, 0.0028169008437544107, 0.00119586824439466]",AfD,CDU/CSU
"[0.0003324782010167837, 0.0019494111184030771, 0.0037816062103956938, 0.7451889514923096, 0.0004669441550504416, 0.24828055500984192]",GRÜNE,GRÜNE
"[0.004171667620539665, 0.8097910284996033, 0.041854992508888245, 0.032612841576337814, 0.035266779363155365, 0.07630270719528198]",CDU/CSU,CDU/CSU
"[0.00038736703572794795, 0.32162928581237793, 0.015429962426424026, 0.2790994644165039, 0.00030218373285606503, 0.3831517696380615]",CDU/CSU,SPD
"[0.0001976881903829053, 0.9986246228218079, 0.00048712827265262604, 0.00019353283278178424, 0.00017876509809866548, 0.0003182747168466449]",CDU/CSU,CDU/CSU
"[0.00014228241343516856, 0.0004081725492142141, 0.9984520077705383, 0.00017808280244935304, 0.00016876248992048204, 0.0006506381905637681]",FDP,FDP
"[0.00014447845751419663, 0.9974668025970459, 0.0005300307529978454, 0.00022729650663677603, 0.0001048801132128574, 0.0015264108078554273]",CDU/CSU,CDU/CSU
"[0.0006123281782492995, 0.0017528121825307608, 0.01189578790217638, 0.29184767603874207, 0.6932790279388428, 0.0006123360362835228]",LINKE,LINKE
"[0.0005684520583599806, 0.9695860743522644, 0.011512123048305511, 0.0005423662369139493, 0.000218261600821279, 0.01757270097732544]",CDU/CSU,CDU/CSU
"[0.4016166925430298, 0.00146149389911443, 0.0019360868027433753, 0.0021151527762413025, 0.5926361083984375, 0.0002344911772524938]",AfD,LINKE
"[0.0002471690531820059, 0.003490760223940015, 0.0075760032050311565, 0.7740615010261536, 0.00016713736113160849, 0.2144574373960495]",SPD,GRÜNE
"[0.00014473905321210623, 0.0036305624525994062, 0.001972474157810211, 0.08242261409759521, 0.0014817150076851249, 0.9103478789329529]",SPD,SPD
"[0.9934825301170349, 0.0017957231029868126, 0.0018313420005142689, 0.000158360053319484, 0.0016928986879065633, 0.0010390977840870619]",AfD,AfD
"[0.008204548619687557, 0.3472898602485657, 0.5453658103942871, 0.024813544005155563, 0.044808756560087204, 0.02951742894947529]",FDP,FDP
"[0.0016787719214335084, 0.16962186992168427, 0.030182085931301117, 0.5556254982948303, 0.21702450513839722, 0.025867214426398277]",LINKE,GRÜNE
"[0.00029295345302671194, 0.8641010522842407, 0.026608437299728394, 0.004523729905486107, 0.00012742297258228064, 0.10434642434120178]",CDU/CSU,CDU/CSU
"[0.0011305431835353374, 0.00019767286721616983, 0.00027231621788814664, 0.00075908174039796, 0.9974152445793152, 0.00022516744502354413]",LINKE,LINKE
"[0.0002226329525001347, 0.8872249722480774, 0.014021153561770916, 0.003683261340484023, 0.0005286183441057801, 0.09431938081979752]",CDU/CSU,CDU/CSU
"[0.0009673840249888599, 0.511311411857605, 0.07686624675989151, 0.0008122005965560675, 0.001104258350096643, 0.408938467502594]",CDU/CSU,CDU/CSU
"[0.0007168180891312659, 0.8769428133964539, 0.0413772389292717, 0.0011612402740865946, 0.0002785254910122603, 0.07952339202165604]",CDU/CSU,CDU/CSU
"[0.0002985239843837917, 0.011316944845020771, 0.033134330064058304, 0.7287806272506714, 0.0003900550364051014, 0.22607946395874023]",SPD,GRÜNE
"[0.0003389440826140344, 0.5357612371444702, 0.01397619303315878, 0.007614884991198778, 0.0002804926480166614, 0.4420282244682312]",CDU/CSU,CDU/CSU
"[0.000811830977909267, 0.9297335147857666, 0.012153424322605133, 0.0032320350874215364, 0.00047049764543771744, 0.05359861999750137]",SPD,CDU/CSU
"[0.00035540020326152444, 0.9425532221794128, 0.0007794221164658666, 0.0004395490977913141, 0.000429812993388623, 0.05544262379407883]",CDU/CSU,CDU/CSU
"[0.0001839739561546594, 0.9982287883758545, 0.0006710420711897314, 0.0002573203237261623, 0.00024026219034567475, 0.00041861177305690944]",CDU/CSU,CDU/CSU
"[0.0005249441019259393, 0.4626077115535736, 0.09658557921648026, 0.021666472777724266, 0.000236947278608568, 0.41837838292121887]",CDU/CSU,CDU/CSU
"[0.0002265792863909155, 0.016617195680737495, 0.023085355758666992, 0.10735895484685898, 0.0004001364577561617, 0.8523117899894714]",SPD,SPD
"[0.9477133750915527, 0.0008287396631203592, 0.000352278642822057, 0.0001572633918840438, 0.050623372197151184, 0.0003249742148909718]",AfD,AfD
"[0.9570963978767395, 0.0013946647522971034, 0.026110608130693436, 0.0006717865471728146, 0.014426689594984055, 0.00029985528090037405]",AfD,AfD
"[0.9829227328300476, 0.00508330250158906, 0.0015573024284094572, 0.004035670775920153, 0.005990867968648672, 0.0004101803060621023]",AfD,AfD
"[0.00021914334502071142, 0.6874483823776245, 0.3042808473110199, 0.0013690174091607332, 0.000517563836183399, 0.0061649782583117485]",CDU/CSU,CDU/CSU
"[0.00036757838097400963, 0.09392797201871872, 0.03471241518855095, 0.00751809636130929, 0.0004801143950317055, 0.8629937171936035]",SPD,SPD
"[0.000197330373339355, 0.2788281738758087, 0.030870435759425163, 0.06107598915696144, 0.002233870094642043, 0.6267942190170288]",SPD,SPD
"[0.00035571694024838507, 0.5606505870819092, 0.017250141128897667, 0.006419398356229067, 0.00014935516810510308, 0.41517481207847595]",CDU/CSU,CDU/CSU
"[0.0008042929111979902, 0.28730908036231995, 0.0022947120014578104, 0.05519777536392212, 0.15409226715564728, 0.5003018379211426]",GRÜNE,SPD
"[0.00017311348346993327, 0.9772734642028809, 0.009345830418169498, 0.0002603943576104939, 0.00011987904872512445, 0.012827332131564617]",CDU/CSU,CDU/CSU
"[0.00020345745724625885, 0.0005765848327428102, 0.0020904403645545244, 0.9840484857559204, 0.0003924659395124763, 0.012688592076301575]",GRÜNE,GRÜNE
"[0.00037406058982014656, 0.9603885412216187, 0.03308011218905449, 0.00040687527507543564, 9.097498696064577e-05, 0.005659494083374739]",CDU/CSU,CDU/CSU
"[0.00021996069699525833, 0.010659475810825825, 0.014180146157741547, 0.025716282427310944, 0.0003740052634384483, 0.948850154876709]",SPD,SPD
"[0.9468356370925903, 0.0005194229306653142, 0.0050971051678061485, 0.0018487153574824333, 0.045398958027362823, 0.0003001709410455078]",AfD,AfD
"[0.000417263712733984, 0.010410391725599766, 0.008185508660972118, 0.4303891956806183, 0.0023490956518799067, 0.5482485294342041]",GRÜNE,SPD
"[0.00023865807452239096, 0.0007372755208052695, 0.0012964884517714381, 0.9369849562644958, 0.00013704980665352196, 0.060605522245168686]",GRÜNE,GRÜNE
"[0.00015729210281278938, 0.0009527580696158111, 0.000603595981374383, 0.03504469618201256, 0.0001414211728842929, 0.9631001949310303]",SPD,SPD
"[0.9644034504890442, 0.007380872964859009, 0.005427338182926178, 0.0015953993424773216, 0.011283726431429386, 0.009909081272780895]",AfD,AfD
"[0.0003172196156810969, 0.2217971831560135, 0.0054670232348144054, 0.06759824603796005, 0.0008653004770167172, 0.7039549946784973]",SPD,SPD
"[0.8964210748672485, 0.03223235905170441, 0.06208400800824165, 0.003287120023742318, 0.0013398409355431795, 0.0046355826780200005]",AfD,AfD
"[0.00037175131728872657, 0.9926695823669434, 0.0019090806599706411, 0.00020412766025401652, 0.0013986960984766483, 0.0034467442892491817]",CDU/CSU,CDU/CSU
"[0.0008460062672384083, 0.002156137488782406, 0.2689405381679535, 0.13081540167331696, 0.0005713195423595607, 0.5966706275939941]",SPD,SPD
"[0.00028936410672031343, 0.000588530907407403, 0.008854297921061516, 0.9818481206893921, 0.0004356850404292345, 0.007984009571373463]",GRÜNE,GRÜNE
"[0.00022972060833126307, 0.28096091747283936, 0.6103000640869141, 0.03941401094198227, 0.00021779243252240121, 0.06887754052877426]",FDP,FDP
"[0.7916440963745117, 0.06175844371318817, 0.06017974019050598, 0.05507182702422142, 0.009013477712869644, 0.02233246900141239]",AfD,AfD
"[0.4571506977081299, 0.0005994722014293075, 0.0012360578402876854, 0.0021077445708215237, 0.538655161857605, 0.0002508752513676882]",LINKE,LINKE
"[0.00015302283281926066, 0.00022230828471947461, 0.00012185775267425925, 0.010281349532306194, 0.9891023635864258, 0.00011914767674170434]",LINKE,LINKE
"[0.0002575351973064244, 0.00038741648313589394, 5.091050115879625e-05, 0.0005698427557945251, 0.9986449480056763, 8.93384640221484e-05]",LINKE,LINKE
"[0.010955004952847958, 0.2961953282356262, 0.6821328997612, 0.0020408269483596087, 0.000601841660682112, 0.008074064739048481]",FDP,FDP
"[0.0004985156701877713, 0.0053970832377672195, 0.002228211611509323, 0.11591406911611557, 0.0007216650410555303, 0.8752404451370239]",SPD,SPD
"[0.002894615987315774, 0.0600120909512043, 0.8164753317832947, 0.08171147108078003, 0.0020106774754822254, 0.03689580783247948]",FDP,FDP
"[0.9973455667495728, 0.0015353115741163492, 0.0003729521413333714, 4.181556141702458e-05, 0.0006503037875518203, 5.401186353992671e-05]",AfD,AfD
"[0.5699482560157776, 0.002624886343255639, 0.0029502054676413536, 0.0015996197471395135, 0.4224303960800171, 0.0004466038662940264]",AfD,AfD
"[0.000218562941881828, 0.0025632556062191725, 0.9355683326721191, 0.014677271246910095, 0.000230251724133268, 0.04674231633543968]",FDP,FDP
"[0.0025649466551840305, 0.05239633470773697, 0.5251986384391785, 0.3845468759536743, 0.030958330258727074, 0.004334903322160244]",GRÜNE,FDP
"[0.9955666661262512, 0.0015938918804749846, 0.0019895879086107016, 5.604394027614035e-05, 0.0006740284152328968, 0.00011980347335338593]",AfD,AfD
"[0.0003993568243458867, 0.14917728304862976, 0.384670615196228, 0.39675113558769226, 0.0004980462836101651, 0.06850357353687286]",GRÜNE,GRÜNE
"[0.00035726858186535537, 0.004094513598829508, 0.0009882129961624742, 0.0005544305895455182, 0.00037138149491511285, 0.9936342239379883]",SPD,SPD
"[0.9994671940803528, 0.0001754785334924236, 0.00012467618216760457, 4.773948239744641e-05, 0.00013827373913954943, 4.6633602323709056e-05]",AfD,AfD
"[0.001683404901996255, 0.4856886863708496, 0.003793237032368779, 0.039564669132232666, 0.004821232054382563, 0.4644487798213959]",SPD,CDU/CSU
"[0.00028039171593263745, 0.02853054367005825, 0.03707573935389519, 0.5235003232955933, 0.0002606769558042288, 0.41035234928131104]",SPD,GRÜNE
"[0.00022329000057652593, 0.9980864524841309, 0.00039025326259434223, 0.00021443862351588905, 0.0005588193889707327, 0.0005267796805128455]",CDU/CSU,CDU/CSU
"[0.00018956618441734463, 0.0007137611391954124, 0.9985559582710266, 0.00013435927394311875, 9.892333764582872e-05, 0.0003074293490499258]",FDP,FDP
"[0.9606800079345703, 0.010387914255261421, 0.026782454922795296, 0.00035853582085110247, 0.0008088130853138864, 0.0009823675500229]",AfD,AfD
"[0.0003169964184053242, 0.005369746126234531, 0.000399227486923337, 0.23118296265602112, 0.761699914932251, 0.001031108433380723]",LINKE,LINKE
"[0.0004998467047698796, 0.29282811284065247, 0.0006743806297890842, 0.023353716358542442, 0.0007660705014131963, 0.6818779110908508]",SPD,SPD
"[0.0004954577889293432, 0.7423425316810608, 0.010972182266414165, 0.00644439784809947, 0.00019788596546277404, 0.23954758048057556]",CDU/CSU,CDU/CSU
"[0.00016887555830180645, 0.0001698679698165506, 0.0001869282132247463, 0.0007886801613494754, 0.9982234835624695, 0.00046220020158216357]",LINKE,LINKE
"[0.9987819790840149, 0.00040284261922352016, 0.0005733614671044052, 7.391245162580162e-05, 9.494156984146684e-05, 7.295230898307636e-05]",AfD,AfD
"[0.522453248500824, 0.10794702917337418, 0.2947729229927063, 0.016640303656458855, 0.04095647111535072, 0.01723003014922142]",AfD,AfD
"[0.0001826513762352988, 0.03663754090666771, 0.0014672070974484086, 0.03059220314025879, 0.0041420478373765945, 0.9269782900810242]",SPD,SPD
"[0.00022554803581442684, 0.8432229161262512, 0.006298550870269537, 0.001148383948020637, 0.0002102077123709023, 0.14889438450336456]",CDU/CSU,CDU/CSU
"[0.0002874616766348481, 0.00016962754307314754, 0.00011692582484101877, 0.010672486387193203, 0.9884717464447021, 0.00028172615566290915]",LINKE,LINKE
"[0.9986453056335449, 0.00027923102607019246, 0.00034383326419629157, 5.5911234085215256e-05, 0.0006375560187734663, 3.809811460087076e-05]",AfD,AfD
"[0.0006953400443308055, 0.002290219534188509, 0.036175306886434555, 0.603943943977356, 0.00045723491348326206, 0.35643792152404785]",GRÜNE,GRÜNE
"[0.0007279893616214395, 0.15352457761764526, 0.03055492788553238, 0.7091307640075684, 0.07340582460165024, 0.032655954360961914]",GRÜNE,GRÜNE
"[7.768018986098468e-05, 0.0008085003355517983, 0.0009875050745904446, 0.9950262904167175, 0.0004489622369874269, 0.002651065355166793]",GRÜNE,GRÜNE
"[0.723768949508667, 0.055975157767534256, 0.11810982972383499, 0.015474939718842506, 0.0065294536761939526, 0.0801415890455246]",AfD,AfD
"[0.003361612092703581, 0.9403101205825806, 0.025353796780109406, 0.0007094655302353203, 0.0008541090064682066, 0.029410921037197113]",CDU/CSU,CDU/CSU
"[0.0002242002810817212, 0.16690823435783386, 0.006126778200268745, 0.07322093844413757, 0.0005132032092660666, 0.7530066967010498]",SPD,SPD
"[0.0006668760324828327, 0.39124804735183716, 0.0759652704000473, 0.030205458402633667, 0.0003188513801433146, 0.5015954971313477]",SPD,SPD
"[0.0007567157153971493, 0.0025226909201592207, 0.00035576504888013005, 0.04631583020091057, 0.7546106576919556, 0.19543825089931488]",LINKE,LINKE
"[0.000377217133063823, 0.0005999146960675716, 0.002723129466176033, 0.9677995443344116, 0.0022849529050290585, 0.026215165853500366]",GRÜNE,GRÜNE
"[0.00023380988568533212, 0.8493618965148926, 0.04586290195584297, 0.006769076455384493, 0.0008037806837819517, 0.0969686284661293]",CDU/CSU,CDU/CSU
"[0.001983161084353924, 0.00022511172574013472, 0.0003231620357837528, 0.0032574222423136234, 0.9930261373519897, 0.0011849671136587858]",LINKE,LINKE
"[0.010804281570017338, 0.3222762942314148, 0.05878540873527527, 0.0799090787768364, 0.0458977147936821, 0.48232728242874146]",CDU/CSU,SPD
"[0.07092741876840591, 0.796259343624115, 0.08396352827548981, 0.005757099483162165, 0.0005301556666381657, 0.04256242886185646]",CDU/CSU,CDU/CSU
"[0.00017780158668756485, 0.000874647288583219, 0.6764141321182251, 0.0946781188249588, 0.00026918374351225793, 0.22758609056472778]",FDP,FDP
"[0.0005163967725820839, 0.5904428362846375, 0.036085423082113266, 0.10804078727960587, 0.0006128979730419815, 0.2643016278743744]",CDU/CSU,CDU/CSU
"[0.0006506001809611917, 0.2238544374704361, 0.0017173457890748978, 0.0433477945625782, 0.0021630178671330214, 0.728266716003418]",SPD,SPD
"[0.00041152589255943894, 0.0004565842100419104, 0.00010099861538037658, 0.0016997149214148521, 0.9942581653594971, 0.0030730008147656918]",LINKE,LINKE
"[0.9993911385536194, 0.0002733762958087027, 0.00012465428153518587, 3.612097862060182e-05, 0.000119554199045524, 5.5178770708153024e-05]",AfD,AfD
"[0.00014494032075162977, 0.004726733081042767, 0.0001335097913397476, 0.003263777121901512, 0.0001949880097527057, 0.9915361404418945]",SPD,SPD
"[0.00017670441593509167, 0.00034588066046126187, 0.9986280202865601, 0.00018839360564015806, 0.00016923979273997247, 0.0004917515907436609]",FDP,FDP
"[0.0005224454216659069, 0.07502588629722595, 0.4447554051876068, 0.47408726811408997, 0.002141718752682209, 0.003467256436124444]",FDP,GRÜNE
"[0.0004206564335618168, 0.1130017414689064, 0.0986514762043953, 0.29242321848869324, 0.0022009562235325575, 0.49330198764801025]",GRÜNE,SPD
"[0.0009540850878693163, 0.34379175305366516, 0.10468757152557373, 0.2700578570365906, 0.0010365694761276245, 0.27947211265563965]",GRÜNE,CDU/CSU
"[0.036100342869758606, 0.15858754515647888, 0.8028953075408936, 0.001343061332590878, 0.0005812616436742246, 0.0004925057291984558]",FDP,FDP
"[0.000320058228680864, 0.0027340196538716555, 0.3800167143344879, 0.1895587295293808, 0.001720807864330709, 0.4256496727466583]",FDP,SPD
"[0.001516541000455618, 0.5972065925598145, 0.00396124180406332, 0.0079664820805192, 0.003129327902570367, 0.38621985912323]",SPD,CDU/CSU
"[0.000411604909459129, 0.00022805829939898103, 0.0012966747162863612, 0.017345445230603218, 0.00013161753304302692, 0.980586588382721]",SPD,SPD
"[0.999401330947876, 0.0001744418404996395, 0.00015762957627885044, 6.528442463604733e-05, 0.00014017349167261273, 6.118009332567453e-05]",AfD,AfD
"[0.0008903752896003425, 0.5709323287010193, 0.03184789419174194, 0.03642699122428894, 0.009976360946893692, 0.3499261140823364]",SPD,CDU/CSU
"[0.0005720488261431456, 0.9879686832427979, 0.0043847886845469475, 0.00017199720605276525, 0.0005330798448994756, 0.006369422189891338]",CDU/CSU,CDU/CSU
"[0.0038030012510716915, 0.0021625033114105463, 0.014458902180194855, 0.03580096364021301, 0.9269137382507324, 0.016860969364643097]",LINKE,LINKE
"[0.9987722635269165, 0.0005272647831588984, 0.0005286206142045557, 4.6316599764395505e-05, 5.250645335763693e-05, 7.305630424525589e-05]",AfD,AfD
"[0.00045122159644961357, 0.8896418809890747, 0.09512706845998764, 0.008897433057427406, 0.0012279972434043884, 0.004654350224882364]",CDU/CSU,CDU/CSU
"[0.010240226052701473, 0.4657302796840668, 0.20053713023662567, 0.03690597042441368, 0.005444835871458054, 0.28114160895347595]",CDU/CSU,CDU/CSU
"[0.0008801500662229955, 0.018150612711906433, 0.3271130621433258, 0.5414291024208069, 0.00036905723391100764, 0.11205802857875824]",GRÜNE,GRÜNE
"[0.9889110922813416, 0.0005125393508933485, 0.0025043950881808996, 0.0023257010616362095, 0.0020366176031529903, 0.0037097064778208733]",AfD,AfD
"[0.002133973641321063, 0.0005888335290364921, 0.00020599471463356167, 0.00019125961989630014, 0.9967203736305237, 0.00015949156659189612]",LINKE,LINKE
"[0.00026112099294550717, 0.014502935111522675, 0.008288608863949776, 0.2549296021461487, 0.0012628135737031698, 0.7207549810409546]",SPD,SPD
"[0.0002248089003842324, 0.02189672365784645, 0.010717257857322693, 0.020239152014255524, 7.432386337313801e-05, 0.9468477368354797]",SPD,SPD
"[0.0001827068772399798, 0.0077537358738482, 0.9862183928489685, 0.0004069393908139318, 7.527622801717371e-05, 0.005362993571907282]",FDP,FDP
"[0.00046524580102413893, 0.0002841152891051024, 0.00016677752137184143, 0.002545600524172187, 0.996158242225647, 0.00038008077535778284]",LINKE,LINKE
"[0.00038960191886872053, 0.00801093690097332, 0.00742701580747962, 0.8681414127349854, 0.10940597206354141, 0.006625105626881123]",LINKE,GRÜNE
"[0.0003691290330607444, 0.48906517028808594, 0.37150973081588745, 0.012772386893630028, 0.00021408313477877527, 0.1260695457458496]",FDP,CDU/CSU
"[0.0017409815918654203, 0.20800654590129852, 0.7373007535934448, 0.03489811345934868, 0.011200090870261192, 0.006853481288999319]",FDP,FDP
"[0.0014063450507819653, 0.7359308004379272, 0.13038434088230133, 0.03786999359726906, 0.0006631639553233981, 0.0937453880906105]",GRÜNE,CDU/CSU
"[0.9947323203086853, 0.0034480795729905367, 0.0006778453243896365, 0.0001388856617268175, 0.00019596487982198596, 0.0008069624309428036]",AfD,AfD
"[0.0002466696605551988, 0.00882631167769432, 0.0053566209971904755, 0.5195382237434387, 0.0005805937689729035, 0.46545156836509705]",SPD,GRÜNE
"[0.0006690886220894754, 0.8763787150382996, 0.026396136730909348, 0.001727570779621601, 0.0006190043059177697, 0.09420947730541229]",CDU/CSU,CDU/CSU
"[0.0014275343855842948, 0.6400385499000549, 0.2246965616941452, 0.12643314898014069, 0.0028565942775458097, 0.004547667223960161]",CDU/CSU,CDU/CSU
"[0.001032396568916738, 0.35178038477897644, 0.10241387784481049, 0.022005708888173103, 0.0024424968287348747, 0.5203251242637634]",CDU/CSU,SPD
"[0.00016835093265399337, 0.2848290503025055, 0.003239200683310628, 0.003512687049806118, 0.0005329322884790599, 0.707717776298523]",CDU/CSU,SPD
"[0.0004468801198527217, 0.007678826805204153, 0.017401864752173424, 0.4235050678253174, 0.0009783277055248618, 0.5499890446662903]",SPD,SPD
"[0.0002634263946674764, 0.33677658438682556, 0.08322027325630188, 0.0017288202652707696, 0.00017863744869828224, 0.5778322219848633]",SPD,SPD
"[0.000842324981931597, 0.20673811435699463, 0.13981488347053528, 0.5727097392082214, 0.0015096492134034634, 0.07838530093431473]",GRÜNE,GRÜNE
"[0.00028531628777273, 0.8264729380607605, 0.005751533433794975, 0.040233079344034195, 0.0013013355201110244, 0.12595577538013458]",CDU/CSU,CDU/CSU
"[0.00012868254270870239, 0.9752290844917297, 0.014821182005107403, 0.0075701139867305756, 0.0003304944548290223, 0.0019204383715987206]",CDU/CSU,CDU/CSU
"[0.00022838781296741217, 0.00034446458448655903, 0.00012390592019073665, 0.0005365851684473455, 0.9986496567726135, 0.000117044139187783]",LINKE,LINKE
"[0.004200210329145193, 0.5112431645393372, 0.0583336241543293, 0.049063295125961304, 0.00453920429572463, 0.37262043356895447]",CDU/CSU,CDU/CSU
"[0.0013901140773668885, 0.04253028333187103, 0.04234407842159271, 0.2691880166530609, 0.0006300931563600898, 0.6439175009727478]",SPD,SPD
"[0.0005819501238875091, 0.00560560030862689, 0.020949725061655045, 0.28934329748153687, 0.00018204889784101397, 0.6833374500274658]",GRÜNE,SPD
"[0.00030841678380966187, 0.1066337376832962, 0.12442421168088913, 0.31464067101478577, 0.0015270018484443426, 0.4524659216403961]",SPD,SPD
"[0.0037479482125490904, 0.893119752407074, 0.06823484599590302, 0.015149307437241077, 0.001288107712753117, 0.018460029736161232]",FDP,CDU/CSU
"[0.00018405226001050323, 0.0025234303902834654, 0.00039144905167631805, 0.021295463666319847, 0.00013723206939175725, 0.9754683375358582]",SPD,SPD
"[0.0007005814695730805, 0.030178645625710487, 0.9176673889160156, 0.0012395636877045035, 0.00019386621715966612, 0.050019990652799606]",FDP,FDP
"[0.0004678362456616014, 0.0011761401547119021, 0.000593715114519, 0.8934143781661987, 0.10382499545812607, 0.0005229293601587415]",LINKE,GRÜNE
"[0.00026080288807861507, 0.2790418267250061, 0.6344695687294006, 0.007657686248421669, 0.00015319374506361783, 0.07841691374778748]",FDP,FDP
"[0.0006511415122076869, 0.06216588243842125, 0.2999121844768524, 0.0014774864539504051, 0.004465138539671898, 0.6313281655311584]",FDP,SPD
"[0.0007448464166373014, 0.017595695331692696, 0.0005109260673634708, 0.9076796174049377, 0.014873463660478592, 0.0585954524576664]",GRÜNE,GRÜNE
"[0.0013387126382440329, 0.656564474105835, 0.21524707973003387, 0.003506432054564357, 0.009805263951420784, 0.11353805661201477]",CDU/CSU,CDU/CSU
"[0.0002452707558404654, 0.45450764894485474, 0.20566168427467346, 0.022722644731402397, 0.00021434246446006, 0.3166484534740448]",CDU/CSU,CDU/CSU
"[0.42651301622390747, 0.0531194768846035, 0.5059661865234375, 0.0025574013125151396, 0.004593933932483196, 0.007250004913657904]",AfD,FDP
"[0.0002654468407854438, 0.9396429061889648, 0.006964502856135368, 0.0002015160716837272, 0.00016435438010375947, 0.05276115611195564]",CDU/CSU,CDU/CSU
"[0.000294119818136096, 0.004007491283118725, 0.00031530848355032504, 0.00038375065196305513, 0.00017496773216407746, 0.9948244094848633]",SPD,SPD
"[0.0005559900309890509, 0.14379441738128662, 0.23031218349933624, 0.06777936220169067, 0.004930085502564907, 0.5526280403137207]",SPD,SPD
"[0.00026978872483596206, 0.4982330799102783, 0.0020972476340830326, 0.014428026042878628, 0.00021754887711722404, 0.484754353761673]",SPD,CDU/CSU
"[0.0003982855996582657, 0.07965726405382156, 0.04434064030647278, 0.8569722175598145, 0.002164070261642337, 0.016467491164803505]",GRÜNE,GRÜNE
"[0.00035554380156099796, 0.6245132684707642, 0.30919018387794495, 0.01144834328442812, 0.0006150410044938326, 0.05387762933969498]",CDU/CSU,CDU/CSU
"[0.000633833697065711, 0.5903512239456177, 0.0012156907469034195, 0.0009301461977884173, 0.0006095654098317027, 0.4062594771385193]",CDU/CSU,CDU/CSU
"[0.00032848853152245283, 0.04897499084472656, 0.04490390792489052, 0.26143911480903625, 0.010467037558555603, 0.633886456489563]",SPD,SPD
"[0.00020139543630648404, 0.03984127566218376, 0.3734043538570404, 0.054110243916511536, 0.00036281655775383115, 0.5320798754692078]",SPD,SPD
"[0.0001293790410272777, 0.00047028815606608987, 0.9986633062362671, 0.00016002215852495283, 0.00010780613229144365, 0.0004692450165748596]",FDP,FDP
"[0.9878407716751099, 0.001223985105752945, 0.004153155256062746, 0.00010544307588133961, 0.006527303718030453, 0.00014933821512386203]",AfD,AfD
"[0.0003773418429773301, 0.9965788722038269, 0.0008828809368424118, 0.000730398518498987, 0.000315673416480422, 0.0011148768244311213]",CDU/CSU,CDU/CSU
"[0.001637859269976616, 0.6936356425285339, 0.014562694355845451, 0.08112344890832901, 0.20000511407852173, 0.009035218507051468]",CDU/CSU,CDU/CSU
"[0.00034019112354144454, 0.0006051445961929858, 0.0037316272500902414, 0.05188518762588501, 0.9424550533294678, 0.0009827108588069677]",LINKE,LINKE
"[0.9989500641822815, 0.0004490466963034123, 0.00027085174224339426, 0.0001051209110300988, 0.00011344040831318125, 0.00011150928912684321]",AfD,AfD
"[0.0005322164506651461, 0.34786906838417053, 0.029610462486743927, 0.16967378556728363, 0.0007309477077797055, 0.45158347487449646]",SPD,SPD
"[0.0009012493537738919, 0.004129324574023485, 0.00047575682401657104, 0.03255787864327431, 0.9614176750183105, 0.0005181544693186879]",LINKE,LINKE
"[0.0005941997515037656, 0.9954105615615845, 0.003388206707313657, 0.00010799897427204996, 0.0001770320814102888, 0.00032194695086218417]",CDU/CSU,CDU/CSU
"[0.031192371621727943, 0.6547536849975586, 0.27133452892303467, 0.003914806060492992, 0.0032045904081314802, 0.03560009226202965]",CDU/CSU,CDU/CSU
"[0.0004619777901098132, 0.757045328617096, 0.1518687605857849, 0.007635809946805239, 0.0022052733693271875, 0.08078281581401825]",CDU/CSU,CDU/CSU
"[0.0010170821333304048, 0.7681272625923157, 0.2167956382036209, 0.0032482033129781485, 0.0015210971469059587, 0.00929073803126812]",CDU/CSU,CDU/CSU
"[0.0005005086422897875, 0.0004367972433101386, 3.557733361958526e-05, 0.0013965582475066185, 0.9974942803382874, 0.00013623213453684002]",LINKE,LINKE
"[0.0002757202601060271, 0.03661268949508667, 0.0013994852779433131, 0.283380925655365, 0.008760967291891575, 0.66957026720047]",SPD,SPD
"[0.0005326162790879607, 0.012242641299962997, 0.17479196190834045, 0.7933018207550049, 0.010986940935254097, 0.008144021034240723]",GRÜNE,GRÜNE
"[0.0002139564458047971, 0.3539852797985077, 0.08974704146385193, 0.004016849212348461, 0.0016820706659927964, 0.5503548383712769]",CDU/CSU,SPD
"[0.0002272629935760051, 0.0006937308935448527, 0.0008206001948565245, 0.9844034910202026, 0.013240883126854897, 0.0006140973418951035]",GRÜNE,GRÜNE
"[9.364337893202901e-05, 0.010335126891732216, 0.006533959414809942, 0.21223054826259613, 0.0011604964965954423, 0.7696462869644165]",SPD,SPD
"[0.00026320922188460827, 0.0006508989608846605, 0.9430505037307739, 0.03154606372117996, 0.00035280041629448533, 0.024136580526828766]",FDP,FDP
"[0.999241828918457, 0.00018829388136509806, 0.00028751417994499207, 6.274429324548692e-05, 0.00015649572014808655, 6.313234189292416e-05]",AfD,AfD
"[0.0011048648739233613, 0.8584269285202026, 0.12508341670036316, 0.0010315560502931476, 0.00660532945767045, 0.007747838273644447]",CDU/CSU,CDU/CSU
"[0.015074893832206726, 0.818142294883728, 0.1443747878074646, 0.012534499168395996, 0.0020593672525137663, 0.007814163342118263]",CDU/CSU,CDU/CSU
"[0.0012699634535238147, 0.0038983209524303675, 0.1732427030801773, 0.525891900062561, 0.00038378528552129865, 0.29531341791152954]",SPD,GRÜNE
"[0.00023087098088581115, 0.3577282726764679, 0.3926760256290436, 0.06011512503027916, 0.004689059220254421, 0.1845605969429016]",SPD,FDP
"[0.00019798282301053405, 0.007489556446671486, 0.004564671777188778, 0.9211260676383972, 0.0002571495424490422, 0.06636461615562439]",GRÜNE,GRÜNE
"[0.0006778344395570457, 0.979844868183136, 0.004248263780027628, 0.0009301522513851523, 0.0013821269385516644, 0.01291684526950121]",CDU/CSU,CDU/CSU
"[0.00023326613882090896, 0.005631865467876196, 0.796516478061676, 0.007142629008740187, 0.00023238449648488313, 0.19024337828159332]",FDP,FDP
"[0.0006133802235126495, 0.8511458039283752, 0.07412280887365341, 0.017776137217879295, 0.026948409155011177, 0.029393458738923073]",CDU/CSU,CDU/CSU
"[0.986380398273468, 0.004130960907787085, 0.0067671313881874084, 9.145412332145497e-05, 0.0024448034819215536, 0.0001852452551247552]",AfD,AfD
"[0.007796641439199448, 0.13528713583946228, 0.6228578686714172, 0.049011826515197754, 0.0024270873982459307, 0.1826193779706955]",FDP,FDP
"[0.00039394665509462357, 0.8019804954528809, 0.029536575078964233, 0.0005404952098615468, 0.00013397251314017922, 0.16741447150707245]",CDU/CSU,CDU/CSU
"[0.000642756000161171, 0.8128802180290222, 0.029017843306064606, 0.02306048385798931, 0.0022896677255630493, 0.13210904598236084]",CDU/CSU,CDU/CSU
"[0.015231925994157791, 0.22417967021465302, 0.02708825282752514, 0.24628914892673492, 0.15375231206417084, 0.33345869183540344]",GRÜNE,SPD
"[0.00020806501561310142, 0.0022286749444901943, 0.696763813495636, 0.017804106697440147, 0.00047719108988530934, 0.28251808881759644]",FDP,FDP
"[0.0026440538931638002, 0.0002724438381846994, 0.00040278761298395693, 0.00039244521758519113, 0.996124804019928, 0.00016345176845788956]",LINKE,LINKE
"[0.00011878743680426851, 0.0006812194478698075, 0.998507559299469, 0.00016710162162780762, 0.00010895213927142322, 0.00041629085899330676]",FDP,FDP
"[0.0019953721202909946, 0.7741518616676331, 0.15897710621356964, 0.011448982171714306, 0.00048708057147450745, 0.05293955281376839]",CDU/CSU,CDU/CSU
"[0.013208997435867786, 0.1471286416053772, 0.4254454970359802, 0.23115774989128113, 0.010216438211500645, 0.17284269630908966]",CDU/CSU,FDP
"[0.0004079256614204496, 0.11769942194223404, 0.7721352577209473, 0.08576348423957825, 0.0003638296329881996, 0.02363005094230175]",FDP,FDP
"[0.00011427500430727378, 0.02206607349216938, 0.008044683374464512, 0.24910151958465576, 0.0008083766442723572, 0.7198650240898132]",SPD,SPD
"[0.00023127265740185976, 0.29035472869873047, 0.00780186802148819, 0.025001192465424538, 0.0005467472947202623, 0.6760641932487488]",SPD,SPD
"[0.0005522930296137929, 0.4965890347957611, 0.012025576084852219, 0.01725955680012703, 0.001117989420890808, 0.4724555015563965]",SPD,CDU/CSU
"[0.004567233845591545, 0.02346910908818245, 0.5670804977416992, 0.1974152773618698, 0.0018737210193648934, 0.20559416711330414]",GRÜNE,FDP
"[0.00035205489257350564, 0.011964102275669575, 0.0012789901811629534, 0.9820336699485779, 0.0012827428290620446, 0.0030884293373674154]",GRÜNE,GRÜNE
"[0.7100926041603088, 0.03251274302601814, 0.24070793390274048, 0.004019400104880333, 0.012270248495042324, 0.0003970072139054537]",AfD,AfD
"[0.0032661317382007837, 0.0004741439188364893, 0.0009466533665545285, 0.015356364659965038, 0.9793187379837036, 0.0006380355916917324]",LINKE,LINKE
"[0.003982208203524351, 0.0011901295511052012, 0.002691814908757806, 0.0019161357777193189, 0.9898150563240051, 0.00040464536868967116]",LINKE,LINKE
"[0.0005717744934372604, 0.3900510370731354, 0.11514142900705338, 0.004033366218209267, 0.0009482151363044977, 0.4892542362213135]",CDU/CSU,SPD
"[0.00033112772507593036, 0.00836142897605896, 0.029224280267953873, 0.7973489165306091, 0.0002972455113194883, 0.16443704068660736]",GRÜNE,GRÜNE
"[0.0016994740581139922, 0.9401575326919556, 0.006940029561519623, 0.0033235105220228434, 0.0018201118800789118, 0.04605933651328087]",CDU/CSU,CDU/CSU
"[0.0001536303898319602, 0.030886128544807434, 0.014792162925004959, 0.03659212589263916, 0.00047123475815169513, 0.9171046614646912]",SPD,SPD
"[0.00030057429103180766, 0.9289965033531189, 0.00328594702295959, 0.001214141258969903, 0.0026927567087113857, 0.06351014971733093]",CDU/CSU,CDU/CSU
"[0.00014544805162586272, 0.00045152532402426004, 0.0016443689819425344, 0.980899453163147, 0.0010508536361157894, 0.015808383002877235]",GRÜNE,GRÜNE
"[0.00016148232680279762, 0.00011777973122661933, 8.472608897136524e-05, 0.00534776458516717, 0.9937815070152283, 0.0005067161400802433]",LINKE,LINKE
"[0.0005197450518608093, 0.10134867578744888, 0.0916275605559349, 0.577280580997467, 0.0005357232876121998, 0.22868770360946655]",SPD,GRÜNE
"[0.0013308743946254253, 0.00027964485343545675, 0.9312889575958252, 0.06250353902578354, 0.0006674210890196264, 0.003929493483155966]",FDP,FDP
"[0.0001917414047056809, 0.008557619526982307, 0.003047269769012928, 0.007094250526279211, 0.00017177216068375856, 0.9809373617172241]",SPD,SPD
"[0.0030081423465162516, 0.6319934129714966, 0.08961743116378784, 0.044146306812763214, 0.014750615693628788, 0.21648406982421875]",CDU/CSU,CDU/CSU
"[0.9433597922325134, 0.04143007844686508, 0.01067441701889038, 0.0007110790465958416, 0.0005538433906622231, 0.0032707673963159323]",AfD,AfD
"[0.0001718092680675909, 0.02680770494043827, 0.001188339781947434, 0.020427346229553223, 0.00032975059002637863, 0.9510750770568848]",SPD,SPD
"[0.00022400300076697022, 0.002745538018643856, 0.001800056779757142, 0.5568987131118774, 0.43536707758903503, 0.002964550629258156]",LINKE,GRÜNE
"[0.00023953137861099094, 0.020043380558490753, 0.0008884216658771038, 0.027587244287133217, 0.00015182765491772443, 0.9510895609855652]",SPD,SPD
"[0.0003392389044165611, 0.17442196607589722, 0.5567324161529541, 0.07213454693555832, 0.0006267193239182234, 0.19574518501758575]",FDP,FDP
"[0.0022626358550041914, 0.008991540409624577, 0.034556739032268524, 0.323551744222641, 0.6284450888633728, 0.0021923475433140993]",LINKE,LINKE
"[0.4921623766422272, 0.00384702580049634, 0.0010283907176926732, 0.00490534259006381, 0.4974614381790161, 0.0005953193176537752]",LINKE,LINKE
"[0.9992295503616333, 0.00031249606399796903, 0.00013113624299876392, 6.539114110637456e-05, 0.00017625954933464527, 8.513994544046e-05]",AfD,AfD
"[0.007570462301373482, 0.00882713869214058, 0.3820463716983795, 0.41820037364959717, 0.10475033521652222, 0.0786052942276001]",LINKE,GRÜNE
"[0.0009391229250468314, 0.02167915552854538, 0.007624977268278599, 0.00810882356017828, 0.8826195001602173, 0.07902847975492477]",SPD,LINKE
"[0.0006738232332281768, 0.458743691444397, 0.03138962760567665, 0.3796151876449585, 0.0012430569622665644, 0.12833461165428162]",CDU/CSU,CDU/CSU
"[0.0015959794400259852, 0.8321292996406555, 0.11374997347593307, 0.0014218236319720745, 0.0008373837335966527, 0.05026550963521004]",CDU/CSU,CDU/CSU
"[0.9160357117652893, 0.04409516975283623, 0.02064681611955166, 0.002172770444303751, 0.015783078968524933, 0.0012664675014093518]",AfD,AfD
"[0.9953886866569519, 0.0034338042605668306, 0.00045874519855715334, 6.250307342270389e-05, 0.0005778513732366264, 7.837956218281761e-05]",AfD,AfD
"[0.9973806142807007, 0.0009168160613626242, 0.0005385330878198147, 6.242860399652272e-05, 0.0009813656797632575, 0.00012022076407447457]",AfD,AfD
"[0.00010718705743784085, 0.00031845850753597915, 0.9989514350891113, 0.000241865825955756, 0.00011689568782458082, 0.00026417101616971195]",FDP,FDP
"[0.9968138337135315, 0.000446118792751804, 0.0016465531662106514, 9.184901136904955e-05, 0.0009406917961314321, 6.0927697631996125e-05]",AfD,AfD
"[0.23756514489650726, 0.5673344731330872, 0.17520423233509064, 0.00558881601318717, 0.012487396597862244, 0.001819878350943327]",CDU/CSU,CDU/CSU
"[0.005322015844285488, 0.0014570943312719464, 0.001199830207042396, 0.042127691209316254, 0.948174238204956, 0.0017190342769026756]",LINKE,LINKE
"[0.00028800760628655553, 0.07637161761522293, 0.09058905392885208, 0.0742650106549263, 0.00045940690324641764, 0.7580268979072571]",SPD,SPD
"[0.00047738131252117455, 0.2657197415828705, 0.08495110273361206, 0.5714008808135986, 0.002824675990268588, 0.07462619990110397]",CDU/CSU,GRÜNE
"[0.00027895113453269005, 0.0033587284851819277, 0.004688246641308069, 0.7705537676811218, 0.0024984339252114296, 0.21862190961837769]",GRÜNE,GRÜNE
"[0.6834359765052795, 0.03817746415734291, 0.1352352350950241, 0.0027821578551083803, 0.1396643966436386, 0.0007048148545436561]",LINKE,AfD
"[0.00019873004930559546, 9.780376421986148e-05, 2.8268612368265167e-05, 0.0005336500471457839, 0.9988983869552612, 0.00024313274479936808]",LINKE,LINKE
"[0.0006283516995608807, 0.31368041038513184, 0.2569608688354492, 0.05941195785999298, 0.0006100995815359056, 0.36870837211608887]",GRÜNE,SPD
"[0.03998420387506485, 0.6160603165626526, 0.23261836171150208, 0.04253699257969856, 0.014012841507792473, 0.05478726699948311]",FDP,CDU/CSU
"[0.0005629778606817126, 0.23546631634235382, 0.004746904131025076, 0.07405483722686768, 0.24601948261260986, 0.4391494691371918]",SPD,SPD
"[0.001926465891301632, 0.12699130177497864, 0.06878089159727097, 0.048603251576423645, 0.0006469900254160166, 0.7530510425567627]",FDP,SPD
"[0.645965039730072, 0.2438081055879593, 0.06621161848306656, 0.00740969879552722, 0.007060581352561712, 0.029545007273554802]",AfD,AfD
"[0.0004090639704372734, 0.7802543640136719, 0.04133081063628197, 0.0019327059853821993, 0.00032971083419397473, 0.17574334144592285]",FDP,CDU/CSU
"[0.00027738892822526395, 0.13697102665901184, 0.01715156063437462, 0.0019530284916982055, 0.0010660705156624317, 0.8425809144973755]",SPD,SPD
"[0.00033796520438045263, 0.0014043290866538882, 0.07462213933467865, 0.6925649642944336, 0.0005451620672829449, 0.2305254340171814]",GRÜNE,GRÜNE
"[0.00022148291463963687, 0.9970970153808594, 0.0008356659091077745, 0.00019978531054221094, 0.00012607089593075216, 0.0015199962072074413]",CDU/CSU,CDU/CSU
"[0.9935276508331299, 0.00010792015382321551, 0.0007061677752062678, 0.00041574647184461355, 0.00510399229824543, 0.00013858506281394511]",AfD,AfD
"[0.0003016491828020662, 0.631999671459198, 0.05010595917701721, 0.009000089950859547, 0.00025473773712292314, 0.30833789706230164]",CDU/CSU,CDU/CSU
"[0.00030257762409746647, 0.21710850298404694, 0.018041227012872696, 0.002461382420733571, 0.0008938591927289963, 0.7611924409866333]",SPD,SPD
"[0.0002381852682447061, 0.42056208848953247, 0.006524508818984032, 0.0025356856640428305, 0.0001564912818139419, 0.5699831247329712]",SPD,SPD
"[0.00014881478273309767, 0.9937945008277893, 0.004690180532634258, 0.0006002764566801488, 0.000186528341146186, 0.0005796748446300626]",CDU/CSU,CDU/CSU
"[9.295533527620137e-05, 0.001229238579981029, 0.980473518371582, 0.012821475975215435, 0.0003508097433950752, 0.0050320071168243885]",FDP,FDP
"[0.00014785598614253104, 0.04917032644152641, 0.01497496198862791, 0.7385200262069702, 0.0017744314391165972, 0.19541239738464355]",GRÜNE,GRÜNE
"[0.8767228722572327, 0.037309665232896805, 0.026307694613933563, 0.002506679156795144, 0.0013710157945752144, 0.05578208342194557]",AfD,AfD
"[0.00010138192737940699, 0.00011278336023679003, 5.695053550880402e-05, 0.00045787577982991934, 0.9989566802978516, 0.00031438094447366893]",LINKE,LINKE
"[0.00016556768969167024, 0.00020811980357393622, 0.9988803267478943, 0.0002768492850009352, 0.0001333972904831171, 0.0003358268004376441]",FDP,FDP
"[0.0004171717446297407, 0.0048010628670454025, 0.07572609931230545, 0.9103186130523682, 0.006694100331515074, 0.0020429962314665318]",GRÜNE,GRÜNE
"[0.003021291922777891, 0.00489344447851181, 0.27274447679519653, 0.6787399649620056, 0.03434978052973747, 0.006251065991818905]",GRÜNE,GRÜNE
"[0.9991195797920227, 0.0004003758367616683, 0.00019695782975759357, 7.62749623390846e-05, 7.805615314282477e-05, 0.0001287511404370889]",AfD,AfD
"[0.00038255893741734326, 0.3733055889606476, 0.5921576619148254, 0.029129110276699066, 0.00041772969416342676, 0.004607312381267548]",CDU/CSU,FDP
"[0.9899083971977234, 0.00032579887192696333, 0.0005337914917618036, 0.00022573531896341592, 0.008936564438045025, 6.967928493395448e-05]",AfD,AfD
"[0.2972760498523712, 0.018338778987526894, 0.008371615782380104, 0.004578105639666319, 0.005974603816866875, 0.6654608845710754]",SPD,SPD
"[0.0011959578841924667, 0.8642251491546631, 0.03671545162796974, 0.014418132603168488, 0.0008665799396112561, 0.08257866650819778]",SPD,CDU/CSU
"[0.0003085974894929677, 0.0004939166246913373, 8.806668483885005e-05, 0.00030946105835027993, 0.9986793994903564, 0.00012063304893672466]",LINKE,LINKE
"[0.001047808094881475, 0.8266537189483643, 0.0022203915286809206, 0.002965431660413742, 0.0005119021516293287, 0.16660073399543762]",SPD,CDU/CSU
"[0.00026479928055778146, 0.1038183718919754, 0.003977742977440357, 0.01211029477417469, 0.005636266898363829, 0.8741925358772278]",SPD,SPD
"[0.9984515309333801, 0.0006462140008807182, 0.0006821558927185833, 9.902177407639101e-05, 7.237560930661857e-05, 4.868420728598721e-05]",AfD,AfD
"[0.00010583683615550399, 0.0003083496994804591, 0.0002933685900643468, 0.9755969643592834, 0.0005265734507702291, 0.023169001564383507]",GRÜNE,GRÜNE
"[0.0003027206112165004, 0.8227493166923523, 0.039352696388959885, 0.005333191715180874, 0.00029440317302942276, 0.1319677084684372]",CDU/CSU,CDU/CSU
"[0.001566847087815404, 0.4814842939376831, 0.40385183691978455, 0.04558217152953148, 0.006056650076061487, 0.06145820766687393]",FDP,CDU/CSU
"[0.0001821907499106601, 0.07446359843015671, 0.2712183892726898, 0.011135750450193882, 0.00015174233703874052, 0.6428483128547668]",FDP,SPD
"[0.0004111880552954972, 0.021878527477383614, 0.07626887410879135, 0.024043673649430275, 0.00013364347978495061, 0.8772640824317932]",SPD,SPD
"[0.0002315285091754049, 0.003037122543901205, 0.49541014432907104, 0.3915162980556488, 0.0019333496456965804, 0.10787160694599152]",FDP,FDP
"[0.0003892187960445881, 0.9333992004394531, 0.06407679617404938, 0.00032224561437033117, 0.0009577699820511043, 0.0008547025499865413]",CDU/CSU,CDU/CSU
"[0.0008362586959265172, 0.5848498344421387, 0.012281139381229877, 0.005756379570811987, 0.004303899127990007, 0.39197245240211487]",SPD,CDU/CSU
"[0.0002634907723404467, 0.998347818851471, 0.0005981182912364602, 0.00015692903252784163, 0.0001420523622073233, 0.0004916138132102787]",CDU/CSU,CDU/CSU
"[0.00021284351532813162, 0.0008847364224493504, 0.00037908731610514224, 0.8317839503288269, 0.14886869490146637, 0.017870740965008736]",GRÜNE,GRÜNE
"[0.00019380642333999276, 0.1053343117237091, 0.030963610857725143, 0.23490725457668304, 0.0007846370572224259, 0.6278164386749268]",GRÜNE,SPD
"[0.00023002683883532882, 0.0025004881899803877, 0.0004304418107494712, 0.00039850312168709934, 0.00010104362445417792, 0.9963395595550537]",SPD,SPD
"[0.00030223207431845367, 0.9104765057563782, 0.06379712373018265, 0.0013036635937169194, 0.0003462162858340889, 0.02377423644065857]",CDU/CSU,CDU/CSU
"[0.0003547572996467352, 0.7134982347488403, 0.18826577067375183, 0.05015844106674194, 0.000623921980150044, 0.047098882496356964]",CDU/CSU,CDU/CSU
"[0.00018386333249509335, 0.22859366238117218, 0.07853130251169205, 0.011415752582252026, 0.00019103310478385538, 0.6810843348503113]",FDP,SPD
"[0.017820918932557106, 0.10011430829763412, 0.8081009984016418, 0.011342653073370457, 0.0008177512208931148, 0.06180335208773613]",FDP,FDP
"[0.005682536866515875, 0.02775888890028, 0.9625848531723022, 0.0023962343111634254, 0.00035591248888522387, 0.0012215542374178767]",FDP,FDP
"[0.9991620182991028, 0.0001649672194616869, 0.0002406434650765732, 0.00012781302211806178, 0.0002250463585369289, 7.947222184156999e-05]",AfD,AfD
"[0.0013662497512996197, 0.0002738065377343446, 0.1870034635066986, 0.5767800807952881, 0.000726721016690135, 0.2338496595621109]",GRÜNE,GRÜNE
"[0.0028080788906663656, 0.839695930480957, 0.0010817035799846053, 0.0025874224957078695, 0.0008272627019323409, 0.15299952030181885]",CDU/CSU,CDU/CSU
"[0.001337207737378776, 0.03537390008568764, 0.00045318828779272735, 0.002365279244259, 0.9598293304443359, 0.0006409729830920696]",LINKE,LINKE
"[0.00017817094339989126, 0.22601103782653809, 0.019647834822535515, 0.0055064973421394825, 0.0005213032709434628, 0.7481351494789124]",SPD,SPD
"[0.9890831112861633, 0.008082694374024868, 0.0010401203762739897, 0.00021144347556401044, 0.001147687085904181, 0.00043496271246112883]",AfD,AfD
"[0.0005829257424920797, 0.06379720568656921, 0.26720255613327026, 0.4357057809829712, 0.029530975967645645, 0.20318055152893066]",FDP,GRÜNE
"[0.0005334407323971391, 0.8779571056365967, 0.09681638330221176, 0.0015657373005524278, 0.0001854903530329466, 0.022941922768950462]",CDU/CSU,CDU/CSU
"[0.00030977834830991924, 0.2271834760904312, 0.5344438552856445, 0.13084326684474945, 0.00021966572967357934, 0.1069999411702156]",GRÜNE,FDP
"[0.0009671153966337442, 0.7624810934066772, 0.11056146025657654, 0.0016639658715575933, 0.0017349310219287872, 0.122591532766819]",CDU/CSU,CDU/CSU
"[0.0028562939260154963, 0.0019580416847020388, 0.7038370966911316, 0.26218271255493164, 0.004076514393091202, 0.0250893272459507]",FDP,FDP
"[0.00016097621119115502, 0.004863831214606762, 0.014003700576722622, 0.9788631796836853, 0.0016037254827097058, 0.0005046346341259778]",GRÜNE,GRÜNE
"[0.00618767598643899, 0.8905577063560486, 0.06587085872888565, 0.0017210558289662004, 0.002752321772277355, 0.032910432666540146]",CDU/CSU,CDU/CSU
"[0.9993886947631836, 0.0002593648969195783, 0.00013557393685914576, 5.295625305734575e-05, 0.0001052247389452532, 5.8157263993052766e-05]",AfD,AfD
"[0.002394001232460141, 0.38257378339767456, 0.012619754299521446, 0.04560332000255585, 0.0988684743642807, 0.45794063806533813]",CDU/CSU,SPD
"[0.00044104113476350904, 0.15069341659545898, 0.16109251976013184, 0.13776575028896332, 0.02117888815701008, 0.5288283824920654]",GRÜNE,SPD
"[0.000288422656012699, 0.00044934696052223444, 0.030384518206119537, 0.637156069278717, 0.0013272656360641122, 0.33039435744285583]",SPD,GRÜNE
"[0.0005665097269229591, 0.0002288362302351743, 0.001121235778555274, 0.9026005268096924, 0.00034978316398337483, 0.09513305872678757]",GRÜNE,GRÜNE
"[0.36167940497398376, 0.2669462561607361, 0.14575758576393127, 0.03756638988852501, 0.07742071896791458, 0.11062963306903839]",AfD,AfD
"[0.00018569994426798075, 0.12511885166168213, 0.005698229186236858, 0.02134515717625618, 0.00020720507018268108, 0.8474448919296265]",CDU/CSU,SPD
"[0.0024962322786450386, 0.002239897148683667, 0.000602900458034128, 0.003023414174094796, 0.9914434552192688, 0.00019401592726353556]",LINKE,LINKE
"[0.00014993868535384536, 0.048146191984415054, 0.7762437462806702, 0.011283778585493565, 0.0008438212680630386, 0.1633325219154358]",FDP,FDP
"[0.0013245092704892159, 0.08138275891542435, 0.7015661597251892, 0.0773988589644432, 0.0015526441857218742, 0.1367751508951187]",FDP,FDP
"[0.6436291337013245, 0.30898937582969666, 0.03975711390376091, 0.00023112974304240197, 0.002875787438824773, 0.004517456982284784]",AfD,AfD
"[0.00036758100031875074, 0.2711586356163025, 0.5596510171890259, 0.026490237563848495, 0.004647352732717991, 0.137685164809227]",FDP,FDP
"[0.0007002069614827633, 0.0002618311846163124, 0.0390297956764698, 0.7415509819984436, 0.0008579345303587615, 0.21759915351867676]",SPD,GRÜNE
"[0.9539179801940918, 0.0008681633626110852, 0.04265548661351204, 0.0005605283658951521, 0.0018741512903943658, 0.00012361367407720536]",AfD,AfD
"[0.00036244618240743876, 0.013494174927473068, 0.0073907626792788506, 0.8032960891723633, 0.0836324468255043, 0.09182404726743698]",LINKE,GRÜNE
"[0.0002252341655548662, 0.11865180730819702, 0.18283773958683014, 0.26512834429740906, 0.001573924906551838, 0.4315829873085022]",GRÜNE,SPD
"[0.0002702490019146353, 0.6973101496696472, 0.19737733900547028, 0.00237642670981586, 0.00020393724844325334, 0.10246193408966064]",CDU/CSU,CDU/CSU
"[0.0003094511048402637, 0.0003313447523396462, 0.001103546703234315, 0.39135807752609253, 0.0007503519300371408, 0.6061472296714783]",SPD,SPD
"[0.0005911245825700462, 0.0024417832028120756, 0.0019353857496753335, 0.03657158091664314, 0.9580466747283936, 0.00041347823571413755]",LINKE,LINKE
"[0.00019277725368738174, 0.015372230671346188, 0.0014103950234130025, 0.04056961461901665, 0.3077987730503082, 0.6346561908721924]",SPD,SPD
"[0.00024308859428856522, 0.8605275750160217, 0.01532849669456482, 0.004235836677253246, 0.00021037562692072242, 0.11945458501577377]",SPD,CDU/CSU
"[0.0004307171911932528, 0.0004217299574520439, 0.008885533548891544, 0.315462201833725, 0.0014467050787061453, 0.6733531355857849]",SPD,SPD
"[0.0007998939254321158, 0.023437345400452614, 0.12168386578559875, 0.851435124874115, 0.0010944983223453164, 0.0015492973616346717]",GRÜNE,GRÜNE
"[0.0002366302942391485, 0.9906412363052368, 0.0034284687135368586, 0.00014291850675363094, 9.477134881308302e-05, 0.005456018727272749]",CDU/CSU,CDU/CSU
"[0.00927522499114275, 0.8420400619506836, 0.04159397631883621, 0.0451747365295887, 0.059228431433439255, 0.0026876318734139204]",CDU/CSU,CDU/CSU
"[0.7723448276519775, 0.10446995496749878, 0.017534639686346054, 0.0008805348770692945, 0.04663174971938133, 0.05813835933804512]",AfD,AfD
"[0.9717156291007996, 0.016720324754714966, 0.0008627547649666667, 0.0006220298819243908, 0.0013231963384896517, 0.008756076917052269]",AfD,AfD
"[0.9383032917976379, 0.007676700595766306, 0.002409158507362008, 0.04771655797958374, 0.0014062145492061973, 0.002488082507625222]",AfD,AfD
"[0.0012746526626870036, 0.9893887639045715, 0.007727800402790308, 0.0002794355677906424, 0.0004653197538573295, 0.0008639615844003856]",CDU/CSU,CDU/CSU
"[0.0006838898989371955, 0.26353541016578674, 0.0008147962507791817, 0.0006832361686974764, 0.0009523092303425074, 0.7333304286003113]",SPD,SPD
"[9.278426296077669e-05, 0.00024868364562280476, 0.0006511870888061821, 0.9944232106208801, 0.0002464905846863985, 0.004337620921432972]",GRÜNE,GRÜNE
"[0.9986316561698914, 0.0004112312162760645, 0.00021932490926701576, 7.019902841420844e-05, 0.0005639339797198772, 0.00010362199827795848]",AfD,AfD
"[0.0048684910871088505, 0.42474377155303955, 0.07259578257799149, 0.023125221952795982, 0.003328731283545494, 0.47133803367614746]",SPD,SPD
"[0.000862371176481247, 0.055158618837594986, 0.7505197525024414, 0.009310408495366573, 0.0002785064571071416, 0.183870330452919]",FDP,FDP
"[0.0004191120679024607, 0.03480977937579155, 0.12563301622867584, 0.059547826647758484, 0.00020636837871279567, 0.7793838977813721]",SPD,SPD
"[0.00041021150536835194, 0.19199885427951813, 0.1018461138010025, 0.026461660861968994, 0.010812785476446152, 0.6684703826904297]",SPD,SPD
"[0.0002532876096665859, 0.00010842026676982641, 0.0001403695932822302, 0.0005631949752569199, 0.9988283514976501, 0.00010636322986101732]",LINKE,LINKE
"[0.00019638566300272942, 0.07544983178377151, 0.003580329706892371, 0.016153432428836823, 0.0008285493240691721, 0.9037914276123047]",SPD,SPD
"[0.998103141784668, 0.000811210717074573, 0.0006230284925550222, 4.558386717690155e-05, 0.0003591569256968796, 5.773438897449523e-05]",AfD,AfD
"[0.010344122536480427, 0.012176458723843098, 0.33625298738479614, 0.4916399121284485, 0.13989759981632233, 0.009688976220786572]",LINKE,GRÜNE
"[0.009876391850411892, 0.7177276611328125, 0.034210801124572754, 0.14792656898498535, 0.04000372439622879, 0.05025487393140793]",FDP,CDU/CSU
"[0.0009005069150589406, 0.00441171508282423, 0.0021001617424190044, 0.8485215902328491, 0.13983860611915588, 0.004227395169436932]",GRÜNE,GRÜNE
"[0.9974963068962097, 0.0005259622121229768, 0.0015676617622375488, 0.00011034268391085789, 0.00013921204663347453, 0.00016063069051597267]",AfD,AfD
"[0.00040215515764430165, 0.0006163562647998333, 0.0026874314062297344, 0.15328755974769592, 0.0005557234399020672, 0.842450737953186]",GRÜNE,SPD
"[0.00040412740781903267, 0.00477931834757328, 0.011340328492224216, 0.7886624932289124, 0.0004202595737297088, 0.19439345598220825]",GRÜNE,GRÜNE
"[0.0004209034377709031, 0.010263610631227493, 0.01001305878162384, 0.06285763531923294, 0.9122024178504944, 0.004242401570081711]",LINKE,LINKE
"[0.0006136861629784107, 0.47436484694480896, 0.5144361257553101, 0.0043748896569013596, 0.00030726331169717014, 0.0059031653217971325]",FDP,FDP
"[0.0005491131450980902, 0.2226123809814453, 0.02342882566154003, 0.05562948063015938, 0.6237224340438843, 0.07405781745910645]",LINKE,LINKE
"[0.00029268182697705925, 0.13755622506141663, 0.00047248537885025144, 0.00326588680036366, 0.0009073924738913774, 0.8575053215026855]",SPD,SPD
"[0.0010900070192292333, 0.6410255432128906, 0.06875909119844437, 0.1900320202112198, 0.00029818640905432403, 0.0987950935959816]",CDU/CSU,CDU/CSU
"[0.000454234192147851, 0.003038075752556324, 0.058109309524297714, 0.5861227512359619, 0.00048765219980850816, 0.3517879843711853]",GRÜNE,GRÜNE
"[0.00223856745287776, 0.007998159155249596, 0.22317926585674286, 0.0036445753648877144, 0.001155851874500513, 0.7617835998535156]",SPD,SPD
"[0.000679256219882518, 0.8708489537239075, 0.07658368349075317, 0.003166818991303444, 0.0005724490038119256, 0.04814887046813965]",CDU/CSU,CDU/CSU
"[0.00021838948305230588, 0.008410473354160786, 0.0008065255242399871, 0.01285957545042038, 0.0002317877224413678, 0.977473258972168]",SPD,SPD
"[0.00035728575312532485, 0.4550407826900482, 0.021754590794444084, 0.0012041594600304961, 0.00029658558196388185, 0.5213465690612793]",SPD,SPD
"[0.00454742880538106, 0.025649968534708023, 0.18182386457920074, 0.08187444508075714, 0.7038421034812927, 0.0022621590178459883]",FDP,LINKE
"[0.000360218808054924, 0.9363535046577454, 0.004691402427852154, 0.002052477328106761, 0.00012149642134318128, 0.05642086640000343]",CDU/CSU,CDU/CSU
"[0.00026199352578260005, 0.9979285001754761, 0.0004988785367459059, 7.858793833293021e-05, 0.0004162185068707913, 0.0008157124393619597]",CDU/CSU,CDU/CSU
"[0.0001647737080929801, 0.020868312567472458, 0.0005258675664663315, 0.002820272697135806, 0.000499886809848249, 0.9751209020614624]",SPD,SPD
"[0.00034849593066610396, 0.6019419431686401, 0.10914250463247299, 0.23860269784927368, 0.0007334542460739613, 0.049230825155973434]",CDU/CSU,CDU/CSU
"[0.9992018938064575, 0.00027375592617318034, 0.0002951649948954582, 7.14613706804812e-05, 9.29120069486089e-05, 6.48377972538583e-05]",AfD,AfD
"[0.0004034639277961105, 0.0015057666460052133, 0.00021151015243958682, 0.16308467090129852, 0.7607285380363464, 0.07406609505414963]",LINKE,LINKE
"[0.0006292117759585381, 0.022350028157234192, 0.0016284959856420755, 0.06702735275030136, 0.6296284198760986, 0.27873656153678894]",LINKE,LINKE
"[0.0006783216376788914, 0.9981672167778015, 0.0004392447881400585, 0.0001277048868359998, 0.00034767822944559157, 0.00023993306967895478]",CDU/CSU,CDU/CSU
"[0.8362836837768555, 0.0020665107294917107, 0.15827298164367676, 0.0004900069325231016, 0.0020126451272517443, 0.0008742723148316145]",AfD,AfD
"[0.02556525357067585, 0.0036355634219944477, 0.0012469820212572813, 0.0005983085720799863, 0.9687433242797852, 0.0002106422616634518]",LINKE,LINKE
"[0.00031251306063495576, 0.0008395910263061523, 0.0003743378329090774, 0.9964759349822998, 0.0015388517640531063, 0.00045874647912569344]",GRÜNE,GRÜNE
"[0.00040546260424889624, 0.0034838083665817976, 0.10072890669107437, 0.27292129397392273, 0.0008452683687210083, 0.6216152310371399]",SPD,SPD
"[0.00036762552917934954, 0.015409756451845169, 0.00035141894477419555, 0.04524648189544678, 0.0006230446742847562, 0.9380016326904297]",SPD,SPD
"[0.011291162110865116, 0.6367174983024597, 0.3197125494480133, 0.0008330477285198867, 0.002075053518638015, 0.029370630159974098]",CDU/CSU,CDU/CSU
"[0.0009148804238066077, 0.991348922252655, 0.006791749969124794, 0.0002223672199761495, 0.00028112006839364767, 0.000440901581896469]",CDU/CSU,CDU/CSU
"[0.002068082569167018, 0.09726997464895248, 0.8397383689880371, 0.015574636869132519, 0.0006366752204485238, 0.04471224918961525]",FDP,FDP
"[0.9992796778678894, 0.0002328501286683604, 0.0001081658192561008, 8.110527414828539e-05, 0.0002461433759890497, 5.205432171351276e-05]",AfD,AfD
"[0.0006981359329074621, 0.5218337774276733, 0.0022572707384824753, 0.0007638203096576035, 0.0004822612681891769, 0.47396475076675415]",SPD,CDU/CSU
"[0.0004307021154090762, 0.19632656872272491, 0.7802658081054688, 0.00047000779886730015, 0.0001471692230552435, 0.022359749302268028]",FDP,FDP
"[0.000605742447078228, 0.005757580976933241, 0.0187916811555624, 0.10545630007982254, 0.002215516986325383, 0.8671731948852539]",SPD,SPD
"[0.000594763841945678, 0.0011808036360889673, 0.00024260465579573065, 0.22590871155261993, 0.6548020243644714, 0.11727114766836166]",LINKE,LINKE
"[0.0004069250135216862, 0.19922776520252228, 0.03554460033774376, 0.08371654897928238, 0.00017094203212764114, 0.6809332370758057]",FDP,SPD
"[0.0004433193535078317, 0.2173110395669937, 0.004330603871494532, 0.1156701147556305, 0.0012414692901074886, 0.6610034704208374]",SPD,SPD
"[0.01744321547448635, 0.36313316226005554, 0.26826512813568115, 0.3356265425682068, 0.011692028492689133, 0.0038399118930101395]",CDU/CSU,CDU/CSU
"[0.9992392063140869, 0.0001108639917219989, 0.00029423486557789147, 8.5920408309903e-05, 0.0002095626841764897, 6.0216872952878475e-05]",AfD,AfD
"[0.00047139410162344575, 0.5860486626625061, 0.022821500897407532, 0.0022834886331111193, 0.00045118830166757107, 0.3879237473011017]",SPD,CDU/CSU
"[0.00042304766247980297, 0.5729814171791077, 0.022362519055604935, 0.0010404654312878847, 0.00028049779939465225, 0.40291211009025574]",CDU/CSU,CDU/CSU
"[0.0011040729004889727, 0.5139971375465393, 0.4324858784675598, 0.021107861772179604, 0.0008174373069778085, 0.030487649142742157]",FDP,CDU/CSU
"[0.00026364976656623185, 0.09151902794837952, 0.01337353140115738, 0.006911346223205328, 0.0011982303112745285, 0.8867341876029968]",SPD,SPD
"[0.9845108985900879, 0.002266727387905121, 0.001809744630008936, 0.0009591191192157567, 0.010052196681499481, 0.00040138978511095047]",AfD,AfD
"[0.00020926624711137265, 0.004909870680421591, 0.009682689793407917, 0.3839600086212158, 0.00034772721119225025, 0.6008904576301575]",SPD,SPD
"[0.00026759898173622787, 0.0050234016962349415, 0.9584601521492004, 0.009164189919829369, 0.001317168353125453, 0.025767577812075615]",FDP,FDP
"[0.00015302986139431596, 0.0006052486132830381, 0.9986426830291748, 0.00024041319556999952, 0.00010844475036719814, 0.0002501927374396473]",FDP,FDP
"[0.0004697605036199093, 0.6953844428062439, 0.2114873230457306, 0.0038259276188910007, 0.00043104583164677024, 0.08840150386095047]",FDP,CDU/CSU
"[0.0004253147926647216, 0.5635796785354614, 0.11222826689481735, 0.003851561574265361, 0.0025493826251477003, 0.3173657953739166]",FDP,CDU/CSU
"[0.0042875297367572784, 0.5013301372528076, 0.034768231213092804, 0.049580078572034836, 0.02587648294866085, 0.3841574788093567]",SPD,CDU/CSU
"[0.0008504725410602987, 0.6343907713890076, 0.3077906668186188, 0.05519954487681389, 0.0004259317647665739, 0.0013426202349364758]",CDU/CSU,CDU/CSU
"[0.0036916763056069613, 0.9079788327217102, 0.07985233515501022, 0.0019630189053714275, 0.0022431695833802223, 0.004270901437848806]",CDU/CSU,CDU/CSU
"[0.6385301947593689, 0.0012979009188711643, 0.3351283371448517, 0.017717206850647926, 0.006982624530792236, 0.00034371044603176415]",FDP,AfD
"[0.008761396631598473, 0.9307787418365479, 0.02718358486890793, 0.013571529649198055, 0.012328158132731915, 0.0073766023851931095]",CDU/CSU,CDU/CSU
"[0.008530269376933575, 0.19826415181159973, 0.7511575222015381, 0.011362421326339245, 0.001867602695710957, 0.028818052262067795]",FDP,FDP
"[0.0003150280099362135, 0.0002933517680503428, 5.844529368914664e-05, 0.0017159631242975593, 0.9947817921638489, 0.002835368039086461]",LINKE,LINKE
"[0.0005860041128471494, 0.004601197317242622, 0.0012133364798501134, 0.5421842336654663, 0.4504833221435547, 0.0009319436503574252]",LINKE,GRÜNE
"[0.9681354761123657, 0.005584211088716984, 0.008074386045336723, 0.004204093012958765, 0.010378539562225342, 0.0036232927814126015]",AfD,AfD
"[0.821484386920929, 0.003061843803152442, 0.03933318331837654, 0.024197936058044434, 0.10991526395082474, 0.0020073300693184137]",AfD,AfD
"[0.00032541045220568776, 0.017206665128469467, 0.03693418577313423, 0.9413533806800842, 0.0014013194013386965, 0.002778997179120779]",GRÜNE,GRÜNE
"[0.00012208372936584055, 0.00029849415295757353, 0.9990494847297668, 0.00015777727821841836, 0.0001129398588091135, 0.0002591768279671669]",FDP,FDP
"[0.000642378581687808, 0.9708303809165955, 0.027570167556405067, 0.00012765155406668782, 0.00037720182444900274, 0.00045223324559628963]",CDU/CSU,CDU/CSU
"[0.0005294594448059797, 0.31454700231552124, 0.651294469833374, 0.0022701930720359087, 0.00015001876454334706, 0.031208833679556847]",FDP,FDP
"[0.00035503317485563457, 0.2526884078979492, 0.03576293960213661, 0.029222875833511353, 0.0016655423678457737, 0.6803052425384521]",SPD,SPD
"[0.00016998071805574, 0.29893478751182556, 0.009298437274992466, 0.006062734872102737, 0.00024594925343990326, 0.6852880716323853]",CDU/CSU,SPD
"[0.0005961931892670691, 0.0031748823821544647, 0.08066157251596451, 0.80489182472229, 0.00028669103630818427, 0.110388845205307]",GRÜNE,GRÜNE
"[0.9993298053741455, 0.00031262479024007916, 0.00014435684715863317, 5.9942525695078075e-05, 7.696963439229876e-05, 7.633495260961354e-05]",AfD,AfD
"[0.0010232076747342944, 0.05325495824217796, 0.9051482677459717, 0.005802529864013195, 0.00021870614727959037, 0.03455228731036186]",FDP,FDP
"[0.00021594225836452097, 0.00015584145148750395, 0.0001105081319110468, 0.0014387002447620034, 0.9979791045188904, 9.993332787416875e-05]",LINKE,LINKE
"[0.00013765810581389815, 0.0002154536050511524, 6.558472523465753e-05, 0.0041895159520208836, 0.9948310852050781, 0.000560729531571269]",LINKE,LINKE
"[0.0031517092138528824, 0.4434378147125244, 0.05668729916214943, 0.09282345324754715, 0.025475965812802315, 0.3784237802028656]",CDU/CSU,CDU/CSU
"[0.6893265843391418, 0.21593117713928223, 0.0024124355986714363, 0.00020362684153951705, 0.09130183607339859, 0.000824335846118629]",AfD,AfD
"[0.002924201311543584, 0.2011503428220749, 0.29985448718070984, 0.28380799293518066, 0.0007953634485602379, 0.2114676684141159]",CDU/CSU,FDP
"[0.0012419302947819233, 0.7923157811164856, 0.15269722044467926, 0.00230927811935544, 0.0004916807520203292, 0.05094414949417114]",CDU/CSU,CDU/CSU
"[0.006959099788218737, 0.008383918553590775, 0.001842964207753539, 0.00026739973691292107, 0.9821845293045044, 0.00036204481148160994]",LINKE,LINKE
"[0.00039919570554047823, 0.9923302531242371, 0.004372133873403072, 0.0005662644398398697, 0.0011438856599852443, 0.001188291935250163]",CDU/CSU,CDU/CSU
"[0.0007084470125846565, 0.17333877086639404, 0.3241861164569855, 0.3409430980682373, 0.00513248797506094, 0.15569107234477997]",GRÜNE,GRÜNE
"[0.80191570520401, 0.004830105695873499, 0.18774844706058502, 0.0038344876375049353, 0.0012875250540673733, 0.0003837516705971211]",AfD,AfD
"[0.00035613024374470115, 0.07971511036157608, 0.23095229268074036, 0.042640507221221924, 0.00017400732031092048, 0.6461619138717651]",FDP,SPD
"[0.0007826441433280706, 0.9712450504302979, 0.017219960689544678, 0.0031756064854562283, 0.005352864973247051, 0.002223840681836009]",CDU/CSU,CDU/CSU
"[0.0008454970666207373, 0.005449273157864809, 0.9817439317703247, 0.004939091857522726, 0.00010204449063166976, 0.006920138373970985]",FDP,FDP
"[0.0003812824725173414, 0.8099706172943115, 0.005502191837877035, 0.005661907140165567, 0.0038712131790816784, 0.17461274564266205]",CDU/CSU,CDU/CSU
"[0.0008467766456305981, 0.010110916569828987, 0.001707643736153841, 0.0007417913293465972, 0.9738587141036987, 0.01273418590426445]",LINKE,LINKE
"[0.005818028002977371, 0.024906059727072716, 0.015679655596613884, 0.10813457518815994, 0.8002570867538452, 0.0452045276761055]",LINKE,LINKE
"[0.9921956062316895, 0.0005329239065758884, 0.0002759378112386912, 0.001006385893560946, 0.0038767545484006405, 0.002112391171976924]",AfD,AfD
"[0.0005006746505387127, 0.49643778800964355, 0.020440420135855675, 0.19999416172504425, 0.0003189431154169142, 0.28230804204940796]",SPD,CDU/CSU
"[0.00015234824968501925, 0.0028706646990031004, 0.9936174154281616, 0.002699352568015456, 0.0004116921336390078, 0.0002484642609488219]",FDP,FDP
"[0.0001691523939371109, 0.0054607875645160675, 0.9700441360473633, 0.01725401170551777, 0.00016330894140992314, 0.006908562034368515]",FDP,FDP
"[0.0007941414369270205, 0.0017176102846860886, 0.0009390756604261696, 0.004897877108305693, 0.9906504154205322, 0.0010009205434471369]",LINKE,LINKE
"[0.00036802073009312153, 0.0074488017708063126, 0.17092002928256989, 0.5068863034248352, 0.0006782022537663579, 0.3136986196041107]",GRÜNE,GRÜNE
"[0.0010491237044334412, 0.01763872429728508, 0.08058513700962067, 0.8924517631530762, 0.003489537164568901, 0.004785718396306038]",GRÜNE,GRÜNE
"[0.00016655221406836063, 0.0010970522416755557, 0.00873534008860588, 0.9784529805183411, 0.008428005501627922, 0.0031200770754367113]",GRÜNE,GRÜNE
"[0.004258987959474325, 0.43243512511253357, 0.13124768435955048, 0.008604307658970356, 0.0010334104299545288, 0.42242053151130676]",CDU/CSU,CDU/CSU
"[0.0021644264925271273, 0.4878517985343933, 0.0019822833128273487, 0.02183406613767147, 0.036863841116428375, 0.4493035674095154]",SPD,CDU/CSU
"[0.00023342587519437075, 0.015473349951207638, 0.01759001798927784, 0.1003451719880104, 0.010652233846485615, 0.855705738067627]",SPD,SPD
"[0.00014358358748722821, 0.02896774187684059, 0.020238999277353287, 0.035683851689100266, 0.00047554075717926025, 0.9144903421401978]",SPD,SPD
"[0.0008681232575327158, 0.03159032762050629, 0.06082835793495178, 0.18532460927963257, 0.0006658555357716978, 0.7207226753234863]",SPD,SPD
"[0.006485351826995611, 0.1865530014038086, 0.06671684980392456, 0.09326685220003128, 0.016989151015877724, 0.6299887895584106]",SPD,SPD
"[0.0007399887545034289, 0.9503836631774902, 0.04544791951775551, 0.0004258756525814533, 0.0003184751549270004, 0.002684061648324132]",CDU/CSU,CDU/CSU
"[0.0002677565498743206, 0.7053143978118896, 0.007925002835690975, 0.005931291729211807, 0.00032574805663898587, 0.28023582696914673]",CDU/CSU,CDU/CSU
"[0.0006041563465259969, 0.1286589503288269, 0.7738301753997803, 0.014127061702311039, 0.0002712572750169784, 0.0825083926320076]",FDP,FDP
"[0.00043136728345416486, 0.7668629288673401, 0.033711664378643036, 0.0023063921835273504, 0.00035989010939374566, 0.19632777571678162]",CDU/CSU,CDU/CSU
"[0.0006570615223608911, 0.4798121154308319, 0.36863985657691956, 0.09463104605674744, 0.0012592228595167398, 0.055000752210617065]",GRÜNE,CDU/CSU
"[0.0003491709940135479, 0.9051944613456726, 0.05527672544121742, 0.004633174743503332, 0.00016966607654467225, 0.034376807510852814]",CDU/CSU,CDU/CSU
"[0.0004426270315889269, 0.6813790202140808, 0.007169494405388832, 0.04817993938922882, 0.001525120809674263, 0.2613038122653961]",CDU/CSU,CDU/CSU
"[0.00021048326743766665, 0.0006083811167627573, 0.001771730836480856, 0.9822977781295776, 0.00022856894065625966, 0.014883089810609818]",GRÜNE,GRÜNE
"[0.9703370332717896, 0.0038198435213416815, 0.02353041246533394, 0.0009628614061512053, 0.001101712230592966, 0.000248129217652604]",AfD,AfD
"[0.0007159837405197322, 0.0398792065680027, 0.009294354356825352, 0.9434555172920227, 0.001127381226979196, 0.005527589004486799]",GRÜNE,GRÜNE
"[0.028063500300049782, 0.009716284461319447, 0.012250921688973904, 0.07481979578733444, 0.8669900894165039, 0.008159358985722065]",LINKE,LINKE
"[0.00022090342827141285, 0.020720703527331352, 0.298501580953598, 0.6711573600769043, 0.007967816665768623, 0.0014316460583359003]",GRÜNE,GRÜNE
"[0.0004371839459054172, 0.0005081473500467837, 0.0003873798996210098, 0.0441005602478981, 0.9542179107666016, 0.0003488650545477867]",LINKE,LINKE
"[0.0002475435030646622, 0.04683057963848114, 0.017679868265986443, 0.01880228891968727, 9.43589984672144e-05, 0.9163454174995422]",SPD,SPD
"[0.9751591086387634, 0.0026322046760469675, 0.021537868306040764, 0.00013187337026465684, 0.0003260211378801614, 0.0002129821223206818]",AfD,AfD
"[0.000232822319958359, 0.9982734322547913, 0.0005421689711511135, 0.00027241907082498074, 0.00021090495283715427, 0.00046826768084429204]",CDU/CSU,CDU/CSU
"[0.00018799499957822263, 0.8266134262084961, 0.03477398306131363, 0.12655135989189148, 0.0030674412846565247, 0.008805745281279087]",CDU/CSU,CDU/CSU
"[0.9981931447982788, 0.000749570841435343, 0.0008488345774821937, 4.79264635941945e-05, 6.055199992260896e-05, 0.00010000764450524002]",AfD,AfD
"[0.0009160617482848465, 0.24512112140655518, 0.717535674571991, 0.010062124580144882, 0.000349052861565724, 0.02601596899330616]",FDP,FDP
"[0.0009472279925830662, 0.007530652452260256, 0.019834792241454124, 0.007540097925812006, 0.00039254422881640494, 0.9637546539306641]",SPD,SPD
"[0.00040289698517881334, 0.010035204701125622, 0.9862214922904968, 0.0028539409395307302, 0.0003636334149632603, 0.00012288236757740378]",FDP,FDP
"[0.0006553849671036005, 0.19486887753009796, 0.1910717934370041, 0.23137632012367249, 0.0056240009143948555, 0.3764036297798157]",FDP,SPD
"[0.00023015501210466027, 0.9384152889251709, 0.009778536856174469, 0.00024042179575189948, 0.00022519592312164605, 0.05111043155193329]",CDU/CSU,CDU/CSU
"[0.0017743149073794484, 0.9850753545761108, 0.0009003932354971766, 0.0004994148039259017, 0.011043768376111984, 0.0007067804108373821]",CDU/CSU,CDU/CSU
"[0.00018825172446668148, 0.9457138776779175, 0.0015602654311805964, 0.0008974340162239969, 0.00021717311756219715, 0.0514230951666832]",CDU/CSU,CDU/CSU
"[0.0003980652545578778, 0.0003195422177668661, 0.0003631511644925922, 0.002411213703453541, 0.9963076114654541, 0.00020035535271745175]",LINKE,LINKE
"[0.0005874434718862176, 0.01534581184387207, 0.5288952589035034, 0.24313035607337952, 0.0005955873057246208, 0.21144554018974304]",GRÜNE,FDP
"[0.000496602151542902, 0.5056142210960388, 0.0011233347468078136, 0.4496400058269501, 0.0008640273008495569, 0.04226183146238327]",AfD,CDU/CSU
"[0.0003510136157274246, 0.21162500977516174, 0.6999673843383789, 0.021872859448194504, 0.0002182037860620767, 0.06596554815769196]",GRÜNE,FDP
"[0.9984933137893677, 0.0010428493842482567, 0.00019962966325692832, 4.127492502448149e-05, 0.0001738513383315876, 4.90728416480124e-05]",AfD,AfD
"[0.0003111506230197847, 0.9728443026542664, 0.009963257238268852, 0.0001653461076784879, 0.00012672673619817942, 0.01658918336033821]",CDU/CSU,CDU/CSU
"[0.0003468654176685959, 0.8827774524688721, 0.0041756280697882175, 0.0020141652785241604, 0.00020004156976938248, 0.11048585176467896]",CDU/CSU,CDU/CSU
"[0.0005199896404519677, 0.13163872063159943, 0.0570390485227108, 0.4995669722557068, 0.000525275245308876, 0.31071001291275024]",SPD,GRÜNE
"[0.0005781477084383368, 0.20559126138687134, 0.0285636056214571, 0.01703314483165741, 0.0007889667176641524, 0.7474448680877686]",FDP,SPD
"[0.00033203288330696523, 0.011497111059725285, 0.040172021836042404, 0.531910240650177, 0.000455763511126861, 0.41563287377357483]",SPD,GRÜNE
"[0.9821979403495789, 0.004671144764870405, 0.008639929816126823, 0.0016076184110715985, 0.0020302364137023687, 0.0008529663318768144]",AfD,AfD
"[0.0008747762767598033, 0.9854360818862915, 0.012638409622013569, 0.00032196022220887244, 0.0004447898827493191, 0.00028401310555636883]",CDU/CSU,CDU/CSU
"[0.000600614061113447, 0.008634068071842194, 0.04321006312966347, 0.10362129658460617, 0.00024986229254864156, 0.8436840176582336]",SPD,SPD
"[0.0011862657265737653, 0.004005847033113241, 0.9919162392616272, 0.0016825177008286119, 0.0010898951441049576, 0.000119260665087495]",FDP,FDP
"[0.0007612765766680241, 0.13122515380382538, 0.5041002035140991, 0.20375774800777435, 0.0008330096607096493, 0.15932263433933258]",FDP,FDP
"[0.00014511948393192142, 0.932044267654419, 0.009800650179386139, 0.00833142176270485, 0.0003302411059848964, 0.049348317086696625]",CDU/CSU,CDU/CSU
"[0.0011175491381436586, 0.9087809324264526, 0.05591993033885956, 0.002368588000535965, 9.592992137186229e-05, 0.031717102974653244]",CDU/CSU,CDU/CSU
"[0.013776532374322414, 0.7976796627044678, 0.17839455604553223, 0.0006063313339836895, 0.0008650158415548503, 0.008677945472300053]",CDU/CSU,CDU/CSU
"[0.017607374116778374, 0.8773365616798401, 0.02533694915473461, 0.005692657083272934, 0.026632996276021004, 0.04739341884851456]",CDU/CSU,CDU/CSU
"[0.0006175303715281188, 0.8322630524635315, 0.06005164980888367, 0.001261395518667996, 0.0007120130467228591, 0.10509439557790756]",CDU/CSU,CDU/CSU
"[0.0030006887391209602, 0.5143498182296753, 0.3571210205554962, 0.09477941691875458, 0.004415403585880995, 0.026333661749958992]",GRÜNE,CDU/CSU
"[0.0010487290564924479, 0.017538413405418396, 0.7363878488540649, 0.03543660417199135, 0.0023891939781606197, 0.20719915628433228]",SPD,FDP
"[0.00036869850009679794, 0.5737395882606506, 0.015140763483941555, 0.4066343307495117, 0.0009847756009548903, 0.003131891367956996]",CDU/CSU,CDU/CSU
"[0.27926865220069885, 0.718218982219696, 0.0010426585795357823, 0.00029508493025787175, 0.000567435403354466, 0.0006072112591937184]",CDU/CSU,CDU/CSU
"[0.0004894810263067484, 0.3166915476322174, 0.005685906391590834, 0.0005987978656776249, 0.00023215304827317595, 0.6763020157814026]",SPD,SPD
"[0.0003968140808865428, 0.008228989318013191, 0.00015024851018097252, 0.00046027108328416944, 0.0007046593818813562, 0.9900590181350708]",SPD,SPD
"[7.555414049420506e-05, 0.04010438174009323, 0.029688775539398193, 0.026055455207824707, 0.00021529223886318505, 0.9038605690002441]",SPD,SPD
"[0.00017179283895529807, 0.09344398230314255, 0.8745332956314087, 0.0277571938931942, 0.0018505580956116319, 0.0022431251127272844]",FDP,FDP
"[0.0006823616567999125, 0.9942443370819092, 0.0010284263407811522, 0.001400301232933998, 0.0009554872522130609, 0.0016890636179596186]",CDU/CSU,CDU/CSU
"[0.33245179057121277, 0.005055443849414587, 0.6117193102836609, 0.041080404072999954, 0.002159222960472107, 0.0075338613241910934]",AfD,FDP
"[0.0006562545895576477, 0.9456303119659424, 0.01523572951555252, 0.008720820769667625, 0.000704790058080107, 0.029052063822746277]",CDU/CSU,CDU/CSU
"[0.0027411524206399918, 0.20211732387542725, 0.27606630325317383, 0.398787260055542, 0.023194896057248116, 0.09709307551383972]",CDU/CSU,GRÜNE
"[0.00029767994419671595, 0.340453565120697, 0.05242060869932175, 0.02641935646533966, 0.0011108239414170384, 0.5792979001998901]",CDU/CSU,SPD
"[0.00032639349228702486, 0.0015443010488525033, 0.001403914182446897, 0.08991561084985733, 0.9052212238311768, 0.00158853514585644]",LINKE,LINKE
"[0.5648626089096069, 0.07800938189029694, 0.09297426044940948, 0.032220639288425446, 0.20283854007720947, 0.029094533994793892]",AfD,AfD
"[0.0005905260914005339, 0.445563405752182, 0.040740977972745895, 0.036042604595422745, 0.00325698871165514, 0.4738055169582367]",CDU/CSU,SPD
"[0.015217815525829792, 0.26063087582588196, 0.24525396525859833, 0.006134510040283203, 0.46133819222450256, 0.011424612253904343]",LINKE,LINKE
"[0.003303676610812545, 0.1251605600118637, 0.1747836470603943, 0.0926634669303894, 0.007243012078106403, 0.5968456864356995]",SPD,SPD
"[0.0007959880167618394, 0.3570179343223572, 0.02974781021475792, 0.04978838190436363, 0.00826363917440176, 0.5543862581253052]",LINKE,SPD
"[0.00031731207855045795, 0.7606498003005981, 0.025095432996749878, 0.02244025655090809, 0.0006574519793502986, 0.19083969295024872]",CDU/CSU,CDU/CSU
"[0.00010405650391476229, 0.0011339670745655894, 0.005377997178584337, 0.9575837254524231, 0.028451746329665184, 0.007348449435085058]",GRÜNE,GRÜNE
"[0.0002129059430444613, 0.003530841087922454, 0.00470334105193615, 0.9410905241966248, 0.024621058255434036, 0.025841400027275085]",GRÜNE,GRÜNE
"[0.0006025464972481132, 0.004602435510605574, 0.5187709331512451, 0.22271808981895447, 0.0002728092367760837, 0.2530331611633301]",GRÜNE,FDP
"[0.002266637049615383, 0.0008193196845240891, 0.23347218334674835, 0.014484946615993977, 0.0011644881451502442, 0.7477924227714539]",SPD,SPD
"[0.0003763191634789109, 0.8073282241821289, 0.005492908880114555, 0.0023738492745906115, 0.00024242443032562733, 0.18418636918067932]",CDU/CSU,CDU/CSU
"[0.0005350846331566572, 0.7671656012535095, 0.16384626924991608, 0.006998787168413401, 0.0007490456919185817, 0.06070518493652344]",CDU/CSU,CDU/CSU
"[0.007929121144115925, 0.11068449169397354, 0.32887884974479675, 0.014026711694896221, 0.00024151516845449805, 0.5382393002510071]",SPD,SPD
"[0.0008732220157980919, 0.13433609902858734, 0.441765695810318, 0.39519259333610535, 0.020356053486466408, 0.007476338185369968]",FDP,FDP
"[0.0003346359881106764, 0.7458593249320984, 0.010216152295470238, 0.006982287857681513, 0.0015750700840726495, 0.2350325584411621]",CDU/CSU,CDU/CSU
"[0.9760808944702148, 0.021965160965919495, 0.0006944211199879646, 0.0001530905137769878, 0.0009205300593748689, 0.00018587670638225973]",AfD,AfD
"[0.0003800423291977495, 0.007066863123327494, 0.0005101505666971207, 0.0005460471147671342, 0.0002440239768475294, 0.9912528395652771]",SPD,SPD
"[0.6356733441352844, 0.0025336111430078745, 0.35667693614959717, 0.002278751926496625, 0.0025666761212050915, 0.0002706075320020318]",FDP,AfD
"[0.0007723961025476456, 0.005934727378189564, 0.009079991839826107, 0.37868833541870117, 0.0012623758520931005, 0.6042621731758118]",SPD,SPD
"[0.0006468104547820985, 0.5637528300285339, 0.1063515692949295, 0.02936585806310177, 0.00078892259625718, 0.2990940511226654]",CDU/CSU,CDU/CSU
"[0.0002461229742038995, 0.00015059894940350205, 0.9979400038719177, 0.0003626820398494601, 0.00030185081413947046, 0.0009987115627154708]",FDP,FDP
"[0.00015619280748069286, 0.08380495756864548, 0.07728017866611481, 0.03768174722790718, 0.0012849988415837288, 0.7997919321060181]",LINKE,SPD
"[0.00026759665342979133, 0.9674872159957886, 0.014790191315114498, 0.0003256102791056037, 0.00014027103316038847, 0.01698906347155571]",CDU/CSU,CDU/CSU
"[0.0007269180496223271, 0.9574573636054993, 0.017774933949112892, 0.00011392923624953255, 0.0005012028850615025, 0.023425603285431862]",CDU/CSU,CDU/CSU
"[0.011517546139657497, 0.6551611423492432, 0.042102422565221786, 0.01746828481554985, 0.005537054967135191, 0.26821351051330566]",CDU/CSU,CDU/CSU
"[0.7919778823852539, 0.16011016070842743, 0.0018828200409188867, 0.00992298498749733, 0.004520139191299677, 0.031585942953825]",AfD,AfD
"[0.00026884465478360653, 0.03398465737700462, 0.07109154015779495, 0.013754655607044697, 0.00020116429368499666, 0.8806991577148438]",CDU/CSU,SPD
"[0.0008168237400241196, 0.23112238943576813, 0.006909076124429703, 0.41866636276245117, 0.3413373529911041, 0.0011479660170152783]",GRÜNE,GRÜNE
"[0.000357828481355682, 0.013316418044269085, 0.005189382936805487, 0.026521679013967514, 0.0003220107755623758, 0.9542925953865051]",SPD,SPD
"[0.001925541670061648, 0.3072633147239685, 0.5987513661384583, 0.00106302450876683, 0.000692906731273979, 0.09030380100011826]",FDP,FDP
"[0.00011863578401971608, 0.009350229986011982, 0.0022810546215623617, 0.9661779403686523, 0.0008552806684747338, 0.021216871216893196]",GRÜNE,GRÜNE
"[0.000588650640565902, 0.002168864943087101, 0.0343121774494648, 0.418281227350235, 0.47493162751197815, 0.0697174146771431]",GRÜNE,LINKE
"[6.548609962919727e-05, 0.00014873263717163354, 6.769694300601259e-05, 0.002224368741735816, 0.9971906542778015, 0.00030310050351545215]",LINKE,LINKE
"[0.0008867135038599372, 0.5596333742141724, 0.2684919238090515, 0.004229186102747917, 0.0008483025012537837, 0.16591046750545502]",CDU/CSU,CDU/CSU
"[0.0005341536598280072, 0.6702789664268494, 0.009958887472748756, 0.00853702612221241, 0.0008034273632802069, 0.3098875880241394]",CDU/CSU,CDU/CSU
"[0.0007177616353146732, 0.00029886470292694867, 0.022568846121430397, 0.8201286196708679, 0.0003827458422165364, 0.15590322017669678]",SPD,GRÜNE
"[0.0001291152002522722, 0.017850391566753387, 0.0037608789280056953, 0.0008169020875357091, 0.00022507831454277039, 0.9772176146507263]",SPD,SPD
"[0.006850654724985361, 0.05616430938243866, 0.05218799412250519, 0.7819836735725403, 0.09415994584560394, 0.008653465658426285]",GRÜNE,GRÜNE
"[0.0001598685485078022, 0.00011215252743568271, 5.557377517106943e-05, 0.00036971442750655115, 0.999076247215271, 0.00022644373530056328]",LINKE,LINKE
"[0.00032336186268366873, 0.4798002243041992, 0.01804748736321926, 0.006340357940644026, 0.001963789574801922, 0.49352478981018066]",SPD,SPD
"[0.00011294773139525205, 0.00011820555664598942, 4.229782643960789e-05, 0.0004821809125132859, 0.9988412857055664, 0.0004030881100334227]",LINKE,LINKE
"[0.00035890674917027354, 0.2892411947250366, 0.06852318346500397, 0.05197277292609215, 0.0003999151522293687, 0.5895040035247803]",SPD,SPD
"[0.0007990986341610551, 0.03311118856072426, 0.1731642186641693, 0.5911668539047241, 0.0007786836358718574, 0.20097997784614563]",GRÜNE,GRÜNE
"[0.986818253993988, 0.001335923676379025, 0.007294556125998497, 0.0005007646977901459, 0.003792413743212819, 0.00025819207075983286]",AfD,AfD
"[0.00019710771448444575, 0.9954409599304199, 0.0018895467510446906, 0.0008957904647104442, 0.00031413204851560295, 0.0012624472146853805]",CDU/CSU,CDU/CSU
"[8.497832459397614e-05, 0.0002305953239556402, 7.388983794953674e-05, 0.004510743543505669, 0.9943313002586365, 0.0007685617310926318]",LINKE,LINKE
"[0.0003779082035180181, 0.7167871594429016, 0.13397519290447235, 0.006293249782174826, 0.00044490888831205666, 0.1421215534210205]",CDU/CSU,CDU/CSU
"[0.00023132799833547324, 0.0031312964856624603, 0.00037097602034918964, 0.0009010761859826744, 0.0005689611425623298, 0.9947964549064636]",SPD,SPD
"[0.0003540181496646255, 0.15808439254760742, 0.019309520721435547, 0.2403225153684616, 0.000782444141805172, 0.5811471343040466]",GRÜNE,SPD
"[0.0010695799719542265, 0.04932773485779762, 0.18944384157657623, 0.6326187252998352, 0.0007914162124507129, 0.12674866616725922]",SPD,GRÜNE
"[0.00039368640864267945, 0.001037845155224204, 0.017421454191207886, 0.5236386060714722, 0.0021975392010062933, 0.4553109109401703]",SPD,GRÜNE
"[0.0009252584422938526, 0.9251931309700012, 0.0016267773462459445, 0.0030503801535815, 0.011336180381476879, 0.05786827579140663]",CDU/CSU,CDU/CSU
"[0.0007428684621118009, 0.028954409062862396, 0.052132271230220795, 0.8409407138824463, 0.01648171991109848, 0.060748010873794556]",LINKE,GRÜNE
"[0.00028651399770751595, 0.2933202385902405, 0.4444805979728699, 0.009148325771093369, 0.0004507043049670756, 0.2523137032985687]",CDU/CSU,FDP
"[0.0002387332497164607, 0.997729480266571, 0.0006147081148810685, 0.0003317721129860729, 0.0005577884148806334, 0.0005275879520922899]",CDU/CSU,CDU/CSU
"[0.00021537282736971974, 0.8397113680839539, 0.025460146367549896, 0.0008212334359996021, 0.000389556196751073, 0.13340230286121368]",CDU/CSU,CDU/CSU
"[0.0008226173813454807, 0.006715009920299053, 0.028475597500801086, 0.2719225287437439, 0.4562748074531555, 0.23578938841819763]",LINKE,LINKE
"[0.0005970828351564705, 0.10965099930763245, 0.05216129869222641, 0.14936527609825134, 0.00024658755864948034, 0.6879788041114807]",SPD,SPD
"[0.001329177524894476, 0.033587757498025894, 0.9127532839775085, 0.0033811426255851984, 0.0004490621213335544, 0.04849952086806297]",FDP,FDP
"[0.00015304658154491335, 0.0001468889240641147, 4.935800825478509e-05, 0.00474246172234416, 0.9945491552352905, 0.0003591225831769407]",LINKE,LINKE
"[0.00013663522258866578, 0.015074324794113636, 0.008871031925082207, 0.14598561823368073, 0.0002456865622662008, 0.82968670129776]",SPD,SPD
"[0.64679354429245, 0.2094423770904541, 0.1122947558760643, 0.003254608018323779, 0.0028367266058921814, 0.025377944111824036]",AfD,AfD
"[0.0008281082846224308, 0.8852280378341675, 0.11100201308727264, 0.001207576715387404, 0.00039010588079690933, 0.0013441186165437102]",CDU/CSU,CDU/CSU
"[0.00218972098082304, 0.5627219080924988, 0.32805585861206055, 0.0010611462639644742, 0.00034756798413582146, 0.10562378913164139]",FDP,CDU/CSU
"[0.0006061723688617349, 0.0021491125226020813, 0.001508174347691238, 0.8268224596977234, 0.14805862307548523, 0.020855484530329704]",GRÜNE,GRÜNE
"[0.819108784198761, 0.023736754432320595, 0.1550479382276535, 0.00019442087796051055, 0.0002706816594582051, 0.0016413433477282524]",AfD,AfD
"[0.9985873699188232, 0.000671976653393358, 0.00031159905483946204, 4.079570862813853e-05, 0.0001892503205453977, 0.00019897283345926553]",AfD,AfD
"[0.00035643891897052526, 0.08585904538631439, 0.003369491081684828, 0.16681987047195435, 0.0008339746855199337, 0.7427612543106079]",SPD,SPD
"[0.00014461055980063975, 0.08373177796602249, 0.012431561946868896, 0.07249759882688522, 0.00031191972084343433, 0.8308824896812439]",SPD,SPD
"[0.0009215846075676382, 0.9241151213645935, 0.010800222866237164, 0.016551781445741653, 0.010944428853690624, 0.0366668626666069]",CDU/CSU,CDU/CSU
"[0.0004937496851198375, 0.36133602261543274, 0.3648681640625, 0.00908892322331667, 0.0001397995074512437, 0.26407334208488464]",SPD,FDP
"[0.00032232614466920495, 0.03455162048339844, 0.0027430604677647352, 0.0018381354166194797, 0.0002478121605236083, 0.9602971076965332]",SPD,SPD
"[0.9989533424377441, 0.0005281061748974025, 0.00012220187636557966, 4.025856469525024e-05, 0.0002964577579405159, 5.973117004032247e-05]",AfD,AfD
"[0.00028785254107788205, 0.033683013170957565, 0.9388996362686157, 0.025634579360485077, 0.0005924053257331252, 0.0009024852188304067]",FDP,FDP
"[0.0008712262497283518, 0.0346565917134285, 0.012513820081949234, 0.5413065552711487, 0.002623459091410041, 0.40802836418151855]",GRÜNE,GRÜNE
"[0.00010916390601778403, 0.0007739673019386828, 0.998434841632843, 0.00016973809397313744, 6.791391933802515e-05, 0.0004443706711754203]",FDP,FDP
"[0.013835282996296883, 0.47092705965042114, 0.06601213663816452, 0.07025091350078583, 0.08442360907793045, 0.2945510149002075]",FDP,CDU/CSU
"[0.004977788310497999, 0.6784083247184753, 0.244767963886261, 0.009823713451623917, 0.0032893840689212084, 0.0587327741086483]",CDU/CSU,CDU/CSU
"[0.03480386361479759, 0.9611089825630188, 0.0018097441643476486, 0.0002065475273411721, 0.0015381614211946726, 0.0005326136015355587]",CDU/CSU,CDU/CSU
"[0.009686256758868694, 0.013439872302114964, 0.008422650396823883, 0.08362961560487747, 0.88400799036026, 0.0008136791875585914]",LINKE,LINKE
"[0.00024377997033298016, 0.6360840797424316, 0.23698358237743378, 0.010547553189098835, 0.00037707193405367434, 0.11576396971940994]",CDU/CSU,CDU/CSU
"[0.6534901261329651, 0.10106363147497177, 0.16824036836624146, 0.012979640625417233, 0.03451552987098694, 0.029710693284869194]",AfD,AfD
"[0.0008712626295164227, 0.46249517798423767, 0.42746594548225403, 0.07498930394649506, 0.006152905989438295, 0.028025446459650993]",CDU/CSU,CDU/CSU
"[0.0005031242617405951, 0.0028039379976689816, 0.007162357214838266, 0.7166452407836914, 0.0004850102122873068, 0.2724003493785858]",GRÜNE,GRÜNE
"[0.0005367061821743846, 0.6308531761169434, 0.02241416461765766, 0.003725402755662799, 0.00024265369575005025, 0.34222784638404846]",CDU/CSU,CDU/CSU
"[0.0005282394704408944, 0.6290326118469238, 0.26978111267089844, 0.020858261734247208, 0.0019026442896574736, 0.07789712399244308]",CDU/CSU,CDU/CSU
"[0.9987277984619141, 0.00031988657428883016, 0.0007303488091565669, 5.418285581981763e-05, 0.00010666377784218639, 6.108800880610943e-05]",AfD,AfD
"[0.00019162020180374384, 0.46721264719963074, 0.008037896826863289, 0.023508276790380478, 0.014328883029520512, 0.4867206811904907]",SPD,SPD
"[0.43937548995018005, 0.01874646544456482, 0.5293746590614319, 0.004008724354207516, 0.00382496090605855, 0.004669679328799248]",FDP,FDP
"[0.000552382436580956, 0.00031531715649180114, 0.0004266367759555578, 0.6090008616447449, 0.002461356343701482, 0.3872434198856354]",SPD,GRÜNE
"[0.021874817088246346, 0.5387327075004578, 0.07511691004037857, 0.013345706276595592, 0.0049792141653597355, 0.3459506034851074]",SPD,CDU/CSU
"[0.0027289974968880415, 0.0002699436154216528, 0.00010842988558579236, 0.0011791844153776765, 0.9956028461456299, 0.00011056847142754123]",LINKE,LINKE
"[0.00036949917557649314, 0.00460089324042201, 0.018223783001303673, 0.7476707100868225, 0.0004274084058124572, 0.22870762646198273]",SPD,GRÜNE
"[0.0005512421485036612, 0.000871307507622987, 0.7509645819664001, 0.1610904186964035, 0.00034789650817401707, 0.0861746072769165]",FDP,FDP
"[0.0028628953732550144, 0.02945685386657715, 0.04036422446370125, 0.3303704261779785, 0.529902458190918, 0.06704316288232803]",LINKE,LINKE
"[0.001061539980582893, 0.9115366339683533, 0.04563647508621216, 0.009684965945780277, 0.000625977641902864, 0.031454335898160934]",CDU/CSU,CDU/CSU
"[0.00014293253479991108, 0.005032388959079981, 0.01203947328031063, 0.9141774773597717, 0.0012350420001894236, 0.06737265735864639]",GRÜNE,GRÜNE
"[0.00031398102873936296, 0.002903300803154707, 0.39074814319610596, 0.044167499989271164, 0.0004683899169322103, 0.5613987445831299]",SPD,SPD
"[0.9991963505744934, 0.00029024016112089157, 0.0002572686062194407, 8.640002488391474e-05, 7.59522954467684e-05, 9.381754352943972e-05]",AfD,AfD
"[0.0003195073804818094, 0.8590452075004578, 0.000882017717231065, 0.003702734364196658, 0.000365224463166669, 0.13568530976772308]",CDU/CSU,CDU/CSU
"[0.00017911345639731735, 0.0005884654819965363, 0.00014762273349333555, 0.0005054731736890972, 0.9984865188598633, 9.283213876187801e-05]",LINKE,LINKE
"[0.00016131153097376227, 0.010256647132337093, 0.00029496391653083265, 0.0016339687863364816, 0.9828199148178101, 0.004833083134144545]",LINKE,LINKE
"[0.0002732534194365144, 0.039112742990255356, 0.09979400783777237, 0.036613788455724716, 0.0006720563396811485, 0.8235340714454651]",SPD,SPD
"[0.00019979209173470736, 0.9165489077568054, 0.005600879434496164, 0.0032745946664363146, 0.000574256933759898, 0.0738016813993454]",CDU/CSU,CDU/CSU
"[0.0002733821456786245, 0.0010297201806679368, 0.0017765926895663142, 0.010030739940702915, 0.9849278926849365, 0.0019617138896137476]",LINKE,LINKE
"[0.00042187562212347984, 0.0010568866273388267, 0.01702166348695755, 0.6844443678855896, 0.0002564260212238878, 0.29679879546165466]",GRÜNE,GRÜNE
"[0.10268963128328323, 0.7588332295417786, 0.08453555405139923, 0.006644111126661301, 0.001103019225411117, 0.0461944118142128]",CDU/CSU,CDU/CSU
"[0.00020181084983050823, 0.007214843295514584, 0.0027118592988699675, 0.6569463014602661, 0.00040106361848302186, 0.3325241208076477]",GRÜNE,GRÜNE
"[0.00025881011970341206, 0.00023657159181311727, 7.328645733650774e-05, 0.004556265659630299, 0.9945054650306702, 0.00036964385071769357]",LINKE,LINKE
"[0.0004073589516337961, 0.004093711264431477, 0.002454557688906789, 0.2792551815509796, 0.010542589239776134, 0.7032465934753418]",SPD,SPD
"[0.0007388940430246294, 0.17012082040309906, 0.7592878937721252, 0.015168358571827412, 0.0007124040275812149, 0.05397156998515129]",FDP,FDP
"[0.027395600453019142, 0.5351526737213135, 0.02515561133623123, 0.07261787354946136, 0.336303174495697, 0.003375100903213024]",CDU/CSU,CDU/CSU
"[0.00025355248362757266, 0.9895366430282593, 0.0032704430632293224, 0.0004758584254886955, 0.0005167516646906734, 0.005946735385805368]",CDU/CSU,CDU/CSU
"[0.0006469779182225466, 0.5364468693733215, 0.3413905203342438, 0.0019212128827348351, 0.0010366614442318678, 0.11855772137641907]",CDU/CSU,CDU/CSU
"[0.0003724269336089492, 0.09274424612522125, 0.07369822263717651, 0.5098928213119507, 0.003460151609033346, 0.31983208656311035]",GRÜNE,GRÜNE
"[0.00045688406680710614, 0.13899636268615723, 0.15643051266670227, 0.65474933385849, 0.04461067542433739, 0.004756194073706865]",GRÜNE,GRÜNE
"[0.6993229389190674, 0.05478864535689354, 0.23320329189300537, 0.003970813006162643, 0.0023607295006513596, 0.00635355431586504]",AfD,AfD
"[0.3375450372695923, 0.19767117500305176, 0.028782686218619347, 0.18070976436138153, 0.25219619274139404, 0.0030951816588640213]",LINKE,AfD
"[0.04289509356021881, 0.013233684934675694, 0.01820513792335987, 0.3714171051979065, 0.39255306124687195, 0.16169588267803192]",SPD,LINKE
"[0.005385036580264568, 0.5847950577735901, 0.005845603998750448, 0.17995882034301758, 0.22289256751537323, 0.0011229314841330051]",CDU/CSU,CDU/CSU
"[0.0004614037461578846, 0.5108331441879272, 0.0916951596736908, 0.005592626519501209, 0.004547132179141045, 0.38687050342559814]",SPD,CDU/CSU
"[0.00022493914002552629, 0.0013767334166914225, 0.00021439651027321815, 0.0009572805720381439, 0.00015962835459504277, 0.9970669746398926]",SPD,SPD
"[0.018858613446354866, 0.007716919295489788, 0.03413186967372894, 0.739456295967102, 0.020560991019010544, 0.17927536368370056]",GRÜNE,GRÜNE
"[0.0003587887913454324, 0.2461279332637787, 0.03340627998113632, 0.08591624349355698, 0.0037612197920680046, 0.6304295659065247]",SPD,SPD
"[0.00044624542351812124, 0.0015076566487550735, 0.2265520989894867, 0.7288764715194702, 0.0003883311874233186, 0.042229145765304565]",GRÜNE,GRÜNE
"[0.00026847681147046387, 0.9416132569313049, 0.001542643178254366, 0.0006487179780378938, 0.00014104087313171476, 0.055785853415727615]",CDU/CSU,CDU/CSU
"[0.9990344047546387, 0.0005040657706558704, 0.0002744784578680992, 4.107005224796012e-05, 8.339776832144707e-05, 6.26227556494996e-05]",AfD,AfD
"[0.00011787595576606691, 0.0012512286193668842, 0.007645776495337486, 0.5132374167442322, 0.0003563732607290149, 0.47739139199256897]",GRÜNE,GRÜNE
"[0.0022601159289479256, 0.023699501529335976, 0.3859144151210785, 0.5727189779281616, 0.012452423572540283, 0.00295456824824214]",GRÜNE,GRÜNE
"[0.0003840617137029767, 0.14501027762889862, 0.6728026866912842, 0.0002137463743565604, 0.0002534301020205021, 0.18133580684661865]",FDP,FDP
"[0.00011779143824242055, 0.00020916729408781976, 0.00041801496990956366, 0.9866974949836731, 0.001871127518825233, 0.010686410591006279]",GRÜNE,GRÜNE
"[0.991361141204834, 0.003173965960741043, 0.003958398010581732, 0.0007163346162997186, 0.00040064906352199614, 0.00038950907764956355]",AfD,AfD
"[0.0007219914114102721, 0.07813578844070435, 0.02498839795589447, 0.22341647744178772, 0.0039050965569913387, 0.6688323020935059]",GRÜNE,SPD
"[0.0010175352217629552, 0.002451694570481777, 0.05690892040729523, 0.0037101050838828087, 0.0004897727048955858, 0.9354219436645508]",SPD,SPD
"[0.0006233397871255875, 0.00045722202048636973, 0.13534897565841675, 0.8127806186676025, 0.00031590572325512767, 0.050473861396312714]",GRÜNE,GRÜNE
"[0.9987737536430359, 0.00032905247644521296, 0.0005912001943215728, 6.332423072308302e-05, 0.0001841315970523283, 5.856533607584424e-05]",AfD,AfD
"[0.000241168774664402, 0.9553868174552917, 0.02129637636244297, 0.003912684973329306, 0.0004019180778414011, 0.018760932609438896]",CDU/CSU,CDU/CSU
"[0.9553996920585632, 0.00109274429269135, 0.011297356337308884, 0.02284497767686844, 0.003291131230071187, 0.006074042525142431]",AfD,AfD
"[8.259296737378463e-05, 0.006572593003511429, 0.005806441884487867, 0.6791790127754211, 0.0010196929797530174, 0.3073396682739258]",SPD,GRÜNE
"[0.9992473125457764, 0.0003915585984941572, 0.00015881341823842376, 3.575485970941372e-05, 0.00012553342094179243, 4.102123421034776e-05]",AfD,AfD
"[0.9974381923675537, 0.00046652802848257124, 0.00015020662976894528, 0.0004488913109526038, 0.0008322529029101133, 0.000663900631479919]",AfD,AfD
"[0.0006811485509388149, 0.059853870421648026, 0.7106905579566956, 0.028276624158024788, 0.0008569300989620388, 0.19964081048965454]",CDU/CSU,FDP
"[0.00032532509067095816, 0.017760248854756355, 0.002785787219181657, 0.8575013279914856, 0.07441717386245728, 0.04721013829112053]",GRÜNE,GRÜNE
"[0.9842609763145447, 0.0017808448756113648, 0.007811065763235092, 0.0038129042368382215, 0.0018586645601317286, 0.00047553455806337297]",AfD,AfD
"[0.010166608728468418, 0.0014772838912904263, 0.0015355958603322506, 0.019655302166938782, 0.9667967557907104, 0.00036845559952780604]",LINKE,LINKE
"[0.00022785074543207884, 0.014755818992853165, 0.04684766009449959, 0.29116570949554443, 0.0002712906862143427, 0.6467316746711731]",GRÜNE,SPD
"[0.9904947280883789, 0.0007578150252811611, 0.007575436029583216, 0.0005734252044931054, 0.0003492313262540847, 0.00024929671781137586]",AfD,AfD
"[0.0002469931496307254, 0.0005871036555618048, 0.010950353927910328, 0.9349241256713867, 0.003130292519927025, 0.05016110837459564]",GRÜNE,GRÜNE
"[0.00014702731277793646, 0.0012327029835432768, 0.00039751105941832066, 0.9684029817581177, 0.0014444487169384956, 0.028375355526804924]",GRÜNE,GRÜNE
"[0.9899482131004333, 0.001083971350453794, 0.005366574972867966, 0.0004518313508015126, 0.002886173315346241, 0.0002632293035276234]",AfD,AfD
"[0.0016820200253278017, 0.8890796303749084, 0.01732843928039074, 0.019337372854351997, 0.011563705280423164, 0.06100882217288017]",FDP,CDU/CSU
"[0.03217041492462158, 0.17474155128002167, 0.7717491388320923, 0.01102454774081707, 0.006970090791583061, 0.003344286233186722]",FDP,FDP
"[0.00015134838758967817, 0.46167922019958496, 0.00941772386431694, 0.02522262930870056, 0.00029137133969925344, 0.5032376646995544]",SPD,SPD
"[0.0006873579695820808, 0.7570335268974304, 0.20546770095825195, 0.004458835814148188, 0.00042760337237268686, 0.0319250151515007]",CDU/CSU,CDU/CSU
"[0.000252930709393695, 0.049257174134254456, 0.00048564327880740166, 0.007488977629691362, 0.0006991448462940753, 0.9418161511421204]",SPD,SPD
"[0.07213424891233444, 0.15592354536056519, 0.06012319400906563, 0.009348786436021328, 0.004889463074505329, 0.6975807547569275]",SPD,SPD
"[0.00034486970980651677, 0.0005677933222614229, 0.00036991582601331174, 0.11067866533994675, 0.8872634768486023, 0.0007753142272122204]",LINKE,LINKE
"[0.0005803999956697226, 0.16361038386821747, 0.03949655964970589, 0.02284368686378002, 0.007592241745442152, 0.7658767104148865]",SPD,SPD
"[0.10478075593709946, 0.38670215010643005, 0.38842639327049255, 0.08422160893678665, 0.03249282017350197, 0.003376301610842347]",FDP,FDP
"[0.084113709628582, 0.008655923418700695, 0.014681147411465645, 0.08321498334407806, 0.7814674973487854, 0.027866724878549576]",SPD,LINKE
"[0.9985792636871338, 0.0004574246995616704, 0.000321681349305436, 5.51138655282557e-05, 0.0005333493463695049, 5.331396096153185e-05]",AfD,AfD
"[0.0008066868176683784, 0.006623398512601852, 0.17990806698799133, 0.199353888630867, 0.00037797880941070616, 0.6129299402236938]",GRÜNE,SPD
"[0.0003429408243391663, 0.010888338088989258, 0.00046924257185310125, 0.3746582567691803, 0.5861130952835083, 0.027528144419193268]",LINKE,LINKE
"[0.0022724380251020193, 0.09823723882436752, 0.2923833429813385, 0.10322161018848419, 0.0007982640527188778, 0.5030871033668518]",SPD,SPD
"[0.00044095312478020787, 0.9132686853408813, 0.02799302339553833, 0.041597239673137665, 0.0008091704221442342, 0.01589098386466503]",CDU/CSU,CDU/CSU
"[0.00020258458971511573, 0.2943528890609741, 0.516310453414917, 0.025523383170366287, 0.0007783458568155766, 0.1628323495388031]",FDP,FDP
"[0.0006518464651890099, 0.9680967330932617, 0.0032758174929767847, 0.0016976348124444485, 0.0007549002766609192, 0.025523019954562187]",CDU/CSU,CDU/CSU
"[0.8260252475738525, 0.11972074210643768, 0.030390335246920586, 0.013013070449233055, 0.004705526866018772, 0.006145248655229807]",AfD,AfD
"[0.0005846659769304097, 0.0056000882759690285, 0.10754647850990295, 0.6526269912719727, 0.004696163814514875, 0.2289455533027649]",GRÜNE,GRÜNE
"[0.0002558684500399977, 0.00015023493324406445, 6.693215982522815e-05, 0.000164289609529078, 0.9992775917053223, 8.516012167092413e-05]",LINKE,LINKE
"[0.0005508752074092627, 0.0004461123317014426, 0.03004741109907627, 0.8469517230987549, 0.00022696358792018145, 0.12177689373493195]",GRÜNE,GRÜNE
"[0.00034018862061202526, 0.03321341797709465, 0.0012618362670764327, 0.036848075687885284, 0.003252961440011859, 0.925083577632904]",GRÜNE,SPD
"[0.3730127513408661, 0.08660270273685455, 0.1957559585571289, 0.2139468789100647, 0.01618257164955139, 0.11449912935495377]",CDU/CSU,AfD
"[0.00038652439252473414, 0.003806288121268153, 0.015663666650652885, 0.20852094888687134, 0.0028216876089572906, 0.7688009142875671]",SPD,SPD
"[0.00037697836523875594, 0.044568002223968506, 0.011046993546187878, 0.004833290819078684, 0.00027517182752490044, 0.9388995170593262]",SPD,SPD
"[0.0017646111082285643, 0.0021875323727726936, 0.030936725437641144, 0.5994756817817688, 0.0013242164859548211, 0.36431121826171875]",GRÜNE,GRÜNE
"[0.00036778373760171235, 0.0014253820991143584, 0.0021985655184835196, 0.26718759536743164, 0.0003897329734172672, 0.7284309267997742]",GRÜNE,SPD
"[0.00017157928959932178, 0.00016008573584258556, 0.00011677860311465338, 0.007690798491239548, 0.9916791319847107, 0.00018157815793529153]",LINKE,LINKE
"[0.05656309798359871, 0.09424237161874771, 0.8108602166175842, 0.011094819754362106, 0.0022285140585154295, 0.025010971352458]",FDP,FDP
"[0.00010839017340913415, 0.00023300538305193186, 0.0002189929800806567, 0.9980559945106506, 0.0004465113452170044, 0.0009371304768137634]",GRÜNE,GRÜNE
"[0.00029075899510644376, 0.29779526591300964, 0.256327360868454, 0.3905125558376312, 0.017907248809933662, 0.03716687858104706]",GRÜNE,GRÜNE
"[0.9981119632720947, 0.0003299294039607048, 0.000987908453680575, 7.937737973406911e-05, 0.00040513090789318085, 8.565994357923046e-05]",AfD,AfD
"[0.000380820274585858, 0.561552882194519, 0.0017273282865062356, 0.0025959245394915342, 0.001191396382637322, 0.43255162239074707]",CDU/CSU,CDU/CSU
"[0.01019248180091381, 0.39834797382354736, 0.32579734921455383, 0.0059355576522648335, 0.12239571660757065, 0.13733088970184326]",FDP,CDU/CSU
"[0.0002276917512062937, 0.5752958655357361, 0.025138583034276962, 0.011251567862927914, 0.00032996662775985897, 0.3877563178539276]",CDU/CSU,CDU/CSU
"[0.00027612573467195034, 0.23612335324287415, 0.23198018968105316, 0.00511605478823185, 0.0002813099417835474, 0.5262229442596436]",SPD,SPD
"[0.0007973068859428167, 0.0021918907295912504, 0.30632683634757996, 0.08574226498603821, 0.0005835664924234152, 0.6043581366539001]",SPD,SPD
"[0.9990859031677246, 0.0004945508553646505, 0.00025898480089381337, 4.5017062802799046e-05, 5.434317426988855e-05, 6.128489621914923e-05]",AfD,AfD
"[0.00039518767152912915, 0.6388515830039978, 0.22557859122753143, 0.007416184991598129, 0.00027466259780339897, 0.12748374044895172]",CDU/CSU,CDU/CSU
"[0.001018740818835795, 0.8227348923683167, 0.005176594480872154, 0.0007899394258856773, 0.0016789628425613046, 0.16860084235668182]",CDU/CSU,CDU/CSU
"[0.0002700492332223803, 0.021084720268845558, 0.6842572093009949, 0.01953774504363537, 0.0002543053706176579, 0.2745960056781769]",FDP,FDP
"[0.000261647131992504, 0.00697286007925868, 0.0005473798955790699, 0.0009628000552766025, 0.0002770279534161091, 0.9909782409667969]",SPD,SPD
"[0.9534463882446289, 0.022500906139612198, 0.023045595735311508, 0.00016785366460680962, 0.0007143522961996496, 0.00012497720308601856]",AfD,AfD
"[0.0002850481541827321, 0.9105838537216187, 0.05786996707320213, 0.007539576385170221, 0.0001457760954508558, 0.023575669154524803]",CDU/CSU,CDU/CSU
"[0.0003582347126211971, 0.10268193483352661, 0.010960869491100311, 0.00044063624227419496, 0.00025254234788008034, 0.8853058218955994]",SPD,SPD
"[0.0005802132072858512, 0.2835065424442291, 0.00846185628324747, 0.05037308856844902, 0.0017855437472462654, 0.6552927494049072]",SPD,SPD
"[0.007548622786998749, 0.917658805847168, 0.030066028237342834, 0.00050715496763587, 0.0006567442906089127, 0.043562691658735275]",CDU/CSU,CDU/CSU
"[0.0018642183858901262, 0.012244666926562786, 0.983887791633606, 0.0014313261490315199, 0.0003495150594972074, 0.00022243807325139642]",FDP,FDP
"[0.0012811755295842886, 0.0012845185119658709, 0.20057331025600433, 0.4291241466999054, 0.0005912073538638651, 0.3671456277370453]",FDP,GRÜNE
"[0.5884536504745483, 0.10041040927171707, 0.2968507707118988, 0.0016166779678314924, 0.0028486778028309345, 0.00981972273439169]",AfD,AfD
"[0.0022085965611040592, 0.003921015188097954, 0.0030104978941380978, 0.029833439737558365, 0.9596917629241943, 0.0013346170308068395]",LINKE,LINKE
"[0.4616199731826782, 0.2440471053123474, 0.09445655345916748, 0.04155686870217323, 0.009704920463263988, 0.1486145704984665]",FDP,AfD
"[0.0003492515825200826, 0.14589981734752655, 0.023248368874192238, 0.013146471232175827, 0.0003629183629527688, 0.816993236541748]",SPD,SPD
"[0.0002778135531116277, 0.9899117946624756, 0.007906868122518063, 0.0004545384435914457, 0.00011335276940371841, 0.0013355729170143604]",CDU/CSU,CDU/CSU
"[0.0024356881622225046, 0.0017441109521314502, 0.47702696919441223, 0.33432191610336304, 0.003941946197301149, 0.18052935600280762]",GRÜNE,FDP
"[0.9992908239364624, 0.0002719831536523998, 0.00022292917128652334, 3.676131382235326e-05, 0.0001335251290583983, 4.394463758217171e-05]",AfD,AfD
"[0.0002273144928039983, 0.0018601905321702361, 0.0010623637354001403, 0.7618834376335144, 0.00021360188839025795, 0.2347530871629715]",GRÜNE,GRÜNE
"[0.00023029698058962822, 0.811493992805481, 0.001981222303584218, 0.0022637208458036184, 0.00019254627113696188, 0.18383821845054626]",CDU/CSU,CDU/CSU
"[0.9984543323516846, 0.0006871978403069079, 0.0001232190552400425, 3.9769660361343995e-05, 0.0006284372648224235, 6.699303048662841e-05]",AfD,AfD
"[0.0007033914444036782, 0.9564687609672546, 0.00451607396826148, 0.0003439972351770848, 0.0005931283230893314, 0.03737468644976616]",CDU/CSU,CDU/CSU
"[9.427103213965893e-05, 0.011783071793615818, 0.5012195706367493, 0.004319529980421066, 0.00015132786938920617, 0.48243218660354614]",FDP,FDP
"[0.02940778061747551, 0.010119317099452019, 0.9572217464447021, 0.002315838821232319, 0.0003573324647732079, 0.0005780277424491942]",FDP,FDP
"[0.0004618877428583801, 0.054712504148483276, 0.04791340231895447, 0.03244603052735329, 0.0006110045360401273, 0.863855242729187]",SPD,SPD
"[0.000269207899691537, 0.000708786363247782, 0.004522889386862516, 0.8325614333152771, 0.0021900043357163668, 0.1597476601600647]",GRÜNE,GRÜNE
"[0.04308827593922615, 0.04253339767456055, 0.9121538400650024, 0.0005741968052461743, 0.0010132422903552651, 0.0006371012423187494]",FDP,FDP
"[0.05046305060386658, 0.007877884432673454, 0.009235198609530926, 0.008593345060944557, 0.9235727787017822, 0.00025772734079509974]",LINKE,LINKE
"[0.00030369049636647105, 0.0008471100009046495, 8.538229303667322e-05, 0.0010626950534060597, 0.9954139590263367, 0.002287158276885748]",LINKE,LINKE
"[0.02034136652946472, 0.03093097172677517, 0.9372001886367798, 0.003170587820932269, 0.007937770336866379, 0.00041918057831935585]",FDP,FDP
"[0.0005744458176195621, 0.0027619858738034964, 0.0579679012298584, 0.36994311213493347, 0.00034201249945908785, 0.5684105753898621]",SPD,SPD
"[0.0005624843179248273, 0.8073605895042419, 0.056813210248947144, 0.006329584866762161, 0.001374443992972374, 0.12755967676639557]",CDU/CSU,CDU/CSU
"[0.0007418120512738824, 0.9917531609535217, 0.0053559597581624985, 0.0013690118212252855, 0.00027342699468135834, 0.0005067248130217195]",CDU/CSU,CDU/CSU
"[0.0007506763795390725, 0.0027469214983284473, 0.02867937460541725, 0.06672971695661545, 0.0001580600655870512, 0.9009352326393127]",SPD,SPD
"[0.00021009623014833778, 0.4115818440914154, 0.008200010284781456, 0.004405518062412739, 0.00042849036981351674, 0.5751740336418152]",CDU/CSU,SPD
"[0.0030051583889871836, 0.9199027419090271, 0.04799900949001312, 0.01768430508673191, 0.007826299406588078, 0.0035824747756123543]",CDU/CSU,CDU/CSU
"[0.0005642988253384829, 0.7240105271339417, 0.05720573291182518, 0.0028643086552619934, 0.00031245825812220573, 0.21504266560077667]",CDU/CSU,CDU/CSU
"[0.0001831460976973176, 0.8266716003417969, 0.003589147701859474, 0.004868491552770138, 0.00022291226196102798, 0.16446466743946075]",CDU/CSU,CDU/CSU
"[0.006056298967450857, 0.0009179534390568733, 0.27167001366615295, 0.3113035261631012, 0.40760183334350586, 0.002450366970151663]",LINKE,LINKE
"[0.00167968706227839, 0.12522736191749573, 0.739887535572052, 0.04884855076670647, 0.002030050614848733, 0.08232685923576355]",SPD,FDP
"[0.00012102503387723118, 0.0004704782331828028, 0.9989348649978638, 0.00017585133900865912, 9.256628254661337e-05, 0.00020521582337096334]",FDP,FDP
"[0.0011785273673012853, 0.861287534236908, 0.12984438240528107, 0.002070717280730605, 0.0014765249798074365, 0.004142350982874632]",CDU/CSU,CDU/CSU
"[0.00045459315879270434, 0.0006842183647677302, 0.010965747758746147, 0.9541081190109253, 0.03342211991548538, 0.0003651464357972145]",GRÜNE,GRÜNE
"[0.0006126949447207153, 0.900426983833313, 0.0023797801695764065, 0.00025494577130302787, 0.00036485856981016695, 0.09596081078052521]",CDU/CSU,CDU/CSU
"[0.0006122885388322175, 0.958031952381134, 0.02174869365990162, 0.0011237220605835319, 0.000631638802587986, 0.01785167120397091]",CDU/CSU,CDU/CSU
"[0.007145757786929607, 0.4146677851676941, 0.5241578817367554, 0.044017598032951355, 0.006698287092149258, 0.003312670858576894]",FDP,FDP
"[0.00020584552839864045, 0.8980846405029297, 0.0825270265340805, 0.0007517184130847454, 0.0002846818824764341, 0.018146077170968056]",CDU/CSU,CDU/CSU
"[0.0005365608958527446, 0.05878208577632904, 0.001661787275224924, 0.011083805933594704, 0.010182935744524002, 0.917752742767334]",SPD,SPD
"[0.32493317127227783, 0.0013096838956698775, 0.0009092935360968113, 0.6497758030891418, 0.02271282486617565, 0.00035919412039220333]",GRÜNE,GRÜNE
"[0.0006202803924679756, 0.7514657974243164, 0.0010993091855198145, 0.001073843683116138, 0.0017756633460521698, 0.24396522343158722]",LINKE,CDU/CSU
"[0.9993692636489868, 0.0002512115170247853, 0.00020511590992100537, 4.563380207400769e-05, 6.63231112412177e-05, 6.235720502445474e-05]",AfD,AfD
"[0.18847878277301788, 0.08636301010847092, 0.2664186656475067, 0.39287304878234863, 0.056592267006635666, 0.00927414558827877]",GRÜNE,GRÜNE
"[0.0010197204537689686, 0.06792628020048141, 0.02449548803269863, 0.3839127719402313, 0.0007019395707175136, 0.5219437479972839]",GRÜNE,SPD
"[0.00020149628107901663, 0.0051063732244074345, 0.017723210155963898, 0.12292618304491043, 0.000265147362370044, 0.8537775874137878]",SPD,SPD
"[0.0004554039624053985, 0.04292824864387512, 0.5978071689605713, 0.2979905605316162, 0.00013703724835067987, 0.060681600123643875]",GRÜNE,FDP
"[0.000200062568183057, 0.016800889745354652, 0.001739728613756597, 0.2232428342103958, 0.00032893448951654136, 0.757687509059906]",SPD,SPD
"[0.00021392125927377492, 0.08523236960172653, 0.017166828736662865, 0.26334917545318604, 0.0008359062485396862, 0.6332017779350281]",SPD,SPD
"[0.0009027299238368869, 0.1219601184129715, 0.17793995141983032, 0.06008253991603851, 0.0006852525402791798, 0.6384294629096985]",SPD,SPD
"[0.0001868933322839439, 0.003027827711775899, 0.10752706229686737, 0.012037352658808231, 0.0002849336597137153, 0.8769358992576599]",SPD,SPD
"[0.01648152619600296, 0.6479663252830505, 0.041389718651771545, 0.03870341554284096, 0.13122856616973877, 0.12423046678304672]",CDU/CSU,CDU/CSU
"[0.0005820155492983758, 0.020536506548523903, 0.8148062825202942, 0.12755423784255981, 0.0002271758858114481, 0.03629372641444206]",FDP,FDP
"[0.00176816969178617, 0.302493155002594, 0.04916883632540703, 0.06113806739449501, 0.003468466456979513, 0.581963300704956]",FDP,SPD
"[0.926629364490509, 0.015872424468398094, 0.0015886962646618485, 0.00020255055278539658, 0.05535702779889107, 0.00034990019048564136]",AfD,AfD
"[0.0017093861242756248, 0.8688121438026428, 0.09724647551774979, 0.007021009456366301, 0.003366992110386491, 0.021843964233994484]",CDU/CSU,CDU/CSU
"[0.0004207149613648653, 0.7655360102653503, 0.15032507479190826, 0.0007392712868750095, 0.0004399454337544739, 0.08253896236419678]",CDU/CSU,CDU/CSU
"[0.9981648325920105, 0.0003871039371006191, 0.001020194380544126, 0.0001303618773818016, 0.000265403650701046, 3.219711288693361e-05]",AfD,AfD
"[0.0002644015767145902, 0.9834970831871033, 0.0011402617674320936, 0.00026580950361676514, 0.00023689528461545706, 0.014595604501664639]",CDU/CSU,CDU/CSU
"[0.0011541381245478988, 0.9854787588119507, 0.0006058619474060833, 0.008243396878242493, 0.0005477097583934665, 0.003970128018409014]",CDU/CSU,CDU/CSU
"[0.002057075733318925, 0.03892805427312851, 0.0005723460926674306, 0.19673001766204834, 0.00461761886253953, 0.7570948600769043]",SPD,SPD
"[0.0017833734164014459, 0.6599321365356445, 0.22297361493110657, 0.004580158740282059, 0.0009716879576444626, 0.10975897312164307]",FDP,CDU/CSU
"[0.0003903647302649915, 0.40983104705810547, 0.07710064947605133, 0.06949445605278015, 0.0058077601715922356, 0.4373757243156433]",SPD,SPD
"[0.0001497858902439475, 0.9305973052978516, 0.01465027965605259, 0.0016166530549526215, 0.0006899028085172176, 0.052296023815870285]",CDU/CSU,CDU/CSU
"[7.061547512421384e-05, 0.0015581909101456404, 0.00361366244032979, 0.9376246929168701, 0.0005647647194564342, 0.05656813085079193]",GRÜNE,GRÜNE
"[0.0005606369231827557, 0.32203975319862366, 0.01902822218835354, 0.27423956990242004, 0.0017260609893128276, 0.38240572810173035]",SPD,SPD
"[0.0006828901241533458, 0.008476532995700836, 0.0008726896485313773, 0.695127546787262, 0.23032264411449432, 0.06451769173145294]",LINKE,GRÜNE
"[0.00018925963377114385, 0.6014007329940796, 0.07082483917474747, 0.015921471640467644, 0.00030114041874185205, 0.3113625645637512]",CDU/CSU,CDU/CSU
"[0.00022926126257516444, 0.8994137644767761, 0.009557174518704414, 0.0013104024110361934, 0.0001692376972641796, 0.08932008594274521]",CDU/CSU,CDU/CSU
"[0.9979462027549744, 0.0010985482949763536, 0.00011415998596930876, 4.917658225167543e-05, 0.0007342038443312049, 5.771197902504355e-05]",AfD,AfD
"[0.00024187701637856662, 0.7181646823883057, 0.012712996453046799, 0.0017427225830033422, 0.0002888520830310881, 0.2668488621711731]",CDU/CSU,CDU/CSU
"[0.49181702733039856, 0.49961328506469727, 0.0018813632195815444, 0.0003272982721682638, 0.002594093792140484, 0.003766896203160286]",CDU/CSU,CDU/CSU
"[0.00017503145500086248, 0.005923532880842686, 0.0004449802218005061, 0.000706398393958807, 0.00018628622638061643, 0.9925638437271118]",SPD,SPD
"[0.030902892351150513, 0.005403841845691204, 0.013312446884810925, 0.01887620985507965, 0.930042028427124, 0.0014626027550548315]",LINKE,LINKE
"[0.20055224001407623, 0.07684735953807831, 0.4328116178512573, 0.117153599858284, 0.004528630990535021, 0.16810651123523712]",FDP,FDP
"[0.00020640039292629808, 0.9753724336624146, 0.0003886217309627682, 0.0003277889045421034, 0.0004645304870791733, 0.02324029430747032]",CDU/CSU,CDU/CSU
"[0.0007789874798618257, 0.06679107248783112, 0.17820951342582703, 0.454418808221817, 0.0007029819535091519, 0.2990986108779907]",GRÜNE,GRÜNE
"[0.0007937439950183034, 0.7581164836883545, 0.03565678372979164, 0.0195987019687891, 0.004493008833378553, 0.181341290473938]",CDU/CSU,CDU/CSU
"[0.9027576446533203, 0.02408282272517681, 0.05110397934913635, 0.0024318809155374765, 0.017195163294672966, 0.002428526757284999]",AfD,AfD
"[0.006002770271152258, 0.21455328166484833, 0.009859204292297363, 0.01618162915110588, 0.7198331952095032, 0.03356985002756119]",LINKE,LINKE
"[0.0029331340920180082, 0.9804560542106628, 0.0030253480654209852, 0.002216488355770707, 0.0055015007965266705, 0.005867477506399155]",CDU/CSU,CDU/CSU
"[0.07669974863529205, 0.7841526865959167, 0.0794093906879425, 0.0041837324388325214, 0.001127087278291583, 0.05442728102207184]",CDU/CSU,CDU/CSU
"[0.0005330443382263184, 0.000823653768748045, 0.31306108832359314, 0.03984006494283676, 0.0014847185229882598, 0.6442574262619019]",SPD,SPD
"[0.00015104605699889362, 0.0008181435987353325, 0.0008590833749622107, 0.7097463011741638, 0.011027110740542412, 0.27739831805229187]",LINKE,GRÜNE
"[0.01321159303188324, 0.9297156929969788, 0.03545546159148216, 0.0006118347519077361, 0.0003143310023006052, 0.02069108746945858]",CDU/CSU,CDU/CSU
"[0.006719410885125399, 0.7157961130142212, 0.00759852584451437, 0.016878221184015274, 0.1161237359046936, 0.13688403367996216]",CDU/CSU,CDU/CSU
"[0.9993245005607605, 0.00020647267228923738, 0.00020644647884182632, 5.094265361549333e-05, 0.00014704104978591204, 6.459176074713469e-05]",AfD,AfD
"[0.999354898929596, 0.0001276184484595433, 0.00012836841051466763, 4.406070729601197e-05, 0.0003091450489591807, 3.589113475754857e-05]",AfD,AfD
"[0.004386562388390303, 0.0023093121126294136, 0.1014682725071907, 0.0783437043428421, 0.001995229395106435, 0.8114968538284302]",SPD,SPD
"[0.0003043628530576825, 0.09188667684793472, 0.0027700504288077354, 0.0015208671102300286, 0.00036617685691453516, 0.9031519293785095]",SPD,SPD
"[0.0003505642234813422, 0.5042394399642944, 0.016210516914725304, 0.015850918367505074, 0.0013859471073374152, 0.46196261048316956]",SPD,CDU/CSU
"[0.0012268597492948174, 0.11073119193315506, 0.8549528121948242, 0.011209137737751007, 0.00015124895435292274, 0.021728714928030968]",FDP,FDP
"[0.3926266133785248, 0.12635178864002228, 0.42911553382873535, 0.015388203784823418, 0.034073606133461, 0.002444296609610319]",CDU/CSU,FDP
"[0.00038301071617752314, 0.6960939764976501, 0.008767958730459213, 0.015390154905617237, 0.00038758604205213487, 0.2789773643016815]",CDU/CSU,CDU/CSU
"[0.0006996184820309281, 0.20186565816402435, 0.7933213710784912, 0.002516180044040084, 0.00041208197944797575, 0.0011850527953356504]",FDP,FDP
"[0.0002344872336834669, 0.002214871346950531, 0.013511131517589092, 0.053843963891267776, 0.0001894847518997267, 0.9300061464309692]",SPD,SPD
"[0.0005893469788134098, 0.23235516250133514, 0.7548570036888123, 0.010638447478413582, 0.0005761626525782049, 0.0009838654659688473]",FDP,FDP
"[0.0002933715295512229, 0.008039496839046478, 0.01574941910803318, 0.11925552040338516, 0.0007461871718987823, 0.8559160232543945]",SPD,SPD
"[0.00020482958643697202, 0.2224399894475937, 0.016853854060173035, 0.0015814915532246232, 0.0005129339406266809, 0.7584068179130554]",SPD,SPD
"[0.00025839146110229194, 0.007757839281111956, 0.001226775231771171, 0.0253595020622015, 0.00040287221781909466, 0.9649946689605713]",SPD,SPD
"[0.00012184042134322226, 0.0003967239463236183, 0.0010891458950936794, 0.010188956744968891, 0.00048804329708218575, 0.9877151846885681]",SPD,SPD
"[0.00019847035582643002, 0.002579078543931246, 0.00171776139177382, 0.010398071259260178, 0.00032355968141928315, 0.9847830533981323]",SPD,SPD
"[0.0024132567923516035, 0.4328610897064209, 0.20054085552692413, 0.0118686119094491, 0.0038041239604353905, 0.34851208329200745]",CDU/CSU,CDU/CSU
"[0.0003318547096569091, 0.03400124981999397, 0.7553825378417969, 0.027532825246453285, 0.001963800983503461, 0.1807878166437149]",SPD,FDP
"[0.0003420461143832654, 0.38852766156196594, 0.5685787796974182, 0.009500502608716488, 0.00010120509978150949, 0.03294985368847847]",FDP,FDP
"[0.00011497708328533918, 0.0034298899117857218, 0.002313513308763504, 0.9002751111984253, 0.0014722582418471575, 0.09239418804645538]",LINKE,GRÜNE
"[0.00033211306435987353, 0.00010220786498393863, 5.688724559149705e-05, 0.00040444970363751054, 0.9989985823631287, 0.0001057616900652647]",LINKE,LINKE
"[0.9328969717025757, 0.0030298009514808655, 0.0596669539809227, 0.0005240337923169136, 0.0034300873521715403, 0.0004521291994024068]",AfD,AfD
"[0.0005429122829809785, 0.06439127027988434, 0.2792024612426758, 0.2917858362197876, 0.0005384784890338778, 0.3635390102863312]",FDP,SPD
"[0.000647037522867322, 0.055630020797252655, 0.05335137993097305, 0.42018425464630127, 0.002476611640304327, 0.4677107036113739]",SPD,SPD
"[0.0011129658669233322, 0.1419094055891037, 0.008843878284096718, 0.010145115666091442, 0.0012026450131088495, 0.8367859721183777]",SPD,SPD
"[0.0006102227489463985, 0.6285703778266907, 0.35002848505973816, 0.013351482339203358, 0.0007827482768334448, 0.00665664067491889]",CDU/CSU,CDU/CSU
"[0.0007301861187443137, 0.5745073556900024, 0.09369421005249023, 0.0390515998005867, 0.008446789346635342, 0.2835697829723358]",FDP,CDU/CSU
"[0.9940094947814941, 0.0019288323819637299, 0.0025621792301535606, 0.0002541871217545122, 0.0010214679641649127, 0.00022387334320228547]",AfD,AfD
"[0.00016342883463948965, 0.9986414313316345, 0.0004596922663040459, 0.00018321044626645744, 0.0001814299903344363, 0.00037081880145706236]",CDU/CSU,CDU/CSU
"[0.0020510866306722164, 0.772485613822937, 0.1736774891614914, 0.0053812721744179726, 0.0009641645010560751, 0.04544033855199814]",FDP,CDU/CSU
"[0.000168394559295848, 0.0005884167621843517, 0.00303041934967041, 0.9686988592147827, 0.00016882517957128584, 0.027345068752765656]",GRÜNE,GRÜNE
"[0.0012382430722936988, 0.4597950279712677, 0.34288686513900757, 0.17508389055728912, 0.016727430745959282, 0.004268540069460869]",FDP,CDU/CSU
"[0.9993232488632202, 0.0001644741278141737, 0.0001987612049560994, 6.411926005966961e-05, 0.00017472432227805257, 7.471186108887196e-05]",AfD,AfD
"[0.4753470718860626, 0.44096991419792175, 0.07189971953630447, 0.00025710335467010736, 0.006112946197390556, 0.00541325006633997]",AfD,AfD
"[0.0002872142649721354, 0.02022550255060196, 0.07298775762319565, 0.6475526690483093, 0.0013356230920180678, 0.2576112151145935]",GRÜNE,GRÜNE
"[0.0004124766564927995, 0.023194018751382828, 0.22912870347499847, 0.04734034836292267, 0.00028061697958037257, 0.6996437907218933]",GRÜNE,SPD
"[0.00031647784635424614, 0.02753850631415844, 0.002368384739384055, 0.027392486110329628, 0.00043469303636811674, 0.9419495463371277]",SPD,SPD
"[0.006879993248730898, 0.23232698440551758, 0.5210762619972229, 0.21933116018772125, 0.01935010775923729, 0.001035550725646317]",FDP,FDP
"[0.36408916115760803, 0.4842318892478943, 0.1376071274280548, 0.000856582191772759, 0.005154535174369812, 0.008060725405812263]",AfD,CDU/CSU
"[0.00013551941083278507, 0.004781282506883144, 0.008239870890974998, 0.009662162512540817, 0.00030520427390001714, 0.976875901222229]",GRÜNE,SPD
"[0.00016566357226110995, 0.1396218240261078, 0.003461971879005432, 0.04933713376522064, 0.0011403087992221117, 0.8062731027603149]",GRÜNE,SPD
"[0.0009018410928547382, 0.3115764558315277, 0.0420885905623436, 0.05560250207781792, 0.0006918214494362473, 0.5891388058662415]",SPD,SPD
"[0.07350731641054153, 0.7782707810401917, 0.1355014145374298, 0.007294175680726767, 0.0014912502374500036, 0.003935053013265133]",CDU/CSU,CDU/CSU
"[0.0007972047314979136, 0.0213584303855896, 0.8071906566619873, 0.16551856696605682, 0.00032546912552788854, 0.004809637553989887]",FDP,FDP
"[0.9988502264022827, 0.00020130319171585143, 0.00034857814898714423, 0.0001759482256602496, 0.0003436781989876181, 8.018822700250894e-05]",AfD,AfD
"[0.00031328905606642365, 0.6864161491394043, 0.10812529921531677, 0.0024956571869552135, 0.000301740801660344, 0.20234781503677368]",CDU/CSU,CDU/CSU
"[0.001540323137305677, 0.979248046875, 0.011926192790269852, 0.0009595425217412412, 0.0014527057064697146, 0.004873184021562338]",CDU/CSU,CDU/CSU
"[0.0004302027518860996, 0.2002086341381073, 0.7494491934776306, 0.026404689997434616, 0.0005729430122300982, 0.022934289649128914]",FDP,FDP
"[0.0007962067611515522, 0.01515592448413372, 0.29896822571754456, 0.5251246690750122, 0.0013232987839728594, 0.15863166749477386]",SPD,GRÜNE
"[0.00031558977207168937, 0.23147153854370117, 0.7352302670478821, 0.03125237300992012, 0.0004374501295387745, 0.0012928153155371547]",FDP,FDP
"[0.0008623721078038216, 0.5739184617996216, 0.41286733746528625, 0.004333729390054941, 0.0007119342335499823, 0.007306145038455725]",FDP,CDU/CSU
"[0.00017041382670868188, 0.004678485915064812, 0.9946087598800659, 0.00020177940314169973, 0.00016892260464373976, 0.0001715827384032309]",FDP,FDP
"[0.00022755691315978765, 0.0004161495598964393, 0.0013203269336372614, 0.9716991186141968, 0.00014951778575778008, 0.026187321171164513]",GRÜNE,GRÜNE
"[0.0001445426169084385, 0.01905824802815914, 0.21863166987895966, 0.00728113716468215, 0.0005274512805044651, 0.7543569803237915]",SPD,SPD
"[0.00036880228435620666, 0.994294285774231, 0.004236192442476749, 0.0003854589886032045, 0.00041274589602835476, 0.00030248204711824656]",CDU/CSU,CDU/CSU
"[0.011276393197476864, 0.7782666683197021, 0.07460537552833557, 0.11186959594488144, 0.0048534381203353405, 0.019128570333123207]",CDU/CSU,CDU/CSU
"[0.009426641277968884, 0.0007562302052974701, 0.025743402540683746, 0.06180046126246452, 0.8984478116035461, 0.0038254810497164726]",AfD,LINKE
"[0.00021864082373213023, 0.8275445103645325, 0.0015004754532128572, 0.000509643170516938, 0.0002292138960910961, 0.16999760270118713]",CDU/CSU,CDU/CSU
"[0.005362324416637421, 0.44992685317993164, 0.3215482234954834, 0.17482274770736694, 0.01602458395063877, 0.03231527656316757]",GRÜNE,CDU/CSU
"[0.0006359007093124092, 0.2707711458206177, 0.22346238791942596, 0.058730337768793106, 0.031803738325834274, 0.4145965576171875]",SPD,SPD
"[0.06038451939821243, 0.8406001329421997, 0.05608075112104416, 0.011253604665398598, 0.0112264109775424, 0.02045462466776371]",CDU/CSU,CDU/CSU
"[8.559758134651929e-05, 0.016280798241496086, 0.0020740735344588757, 0.01678772270679474, 0.0006783875869587064, 0.9640934467315674]",SPD,SPD
"[0.00017291698895860463, 0.016129707917571068, 0.0001849065738497302, 0.0011905693681910634, 0.00040143472142517567, 0.9819204211235046]",SPD,SPD
"[0.00030395176145248115, 0.017964765429496765, 0.030348345637321472, 0.3911575973033905, 0.0011001847451552749, 0.5591251850128174]",SPD,SPD
"[0.0001896889734780416, 0.0738975778222084, 0.002311733551323414, 0.18401919305324554, 0.0007153896731324494, 0.73886638879776]",SPD,SPD
"[0.0004949463182128966, 0.40017107129096985, 0.47343555092811584, 0.06261376291513443, 0.0006479604635387659, 0.06263670325279236]",GRÜNE,FDP
"[0.0005675613065250218, 0.09481944143772125, 0.30235663056373596, 0.13583646714687347, 0.0007270519272424281, 0.46569281816482544]",SPD,SPD
"[0.004396992269903421, 0.46819713711738586, 0.4821167588233948, 0.008753006346523762, 0.0006260668742470443, 0.035910092294216156]",GRÜNE,FDP
"[0.0002900105027947575, 0.0019044243963435292, 0.0004971765447407961, 0.000492484075948596, 0.0001608333404874429, 0.9966551065444946]",SPD,SPD
"[0.002929085399955511, 0.4782414436340332, 0.027637185528874397, 0.0028259821701794863, 0.0005767481634393334, 0.4877895414829254]",SPD,SPD
"[0.002524142386391759, 0.37833938002586365, 0.32937243580818176, 0.011272351257503033, 0.000863339751958847, 0.2776283323764801]",FDP,CDU/CSU
"[0.01426122896373272, 0.5686153769493103, 0.3925728499889374, 0.0006177120376378298, 0.01003140676766634, 0.01390140037983656]",FDP,CDU/CSU
"[0.0005443341797217727, 0.77299964427948, 0.04230383038520813, 0.005223146639764309, 0.0002999858115799725, 0.1786290854215622]",CDU/CSU,CDU/CSU
"[0.00014752443530596793, 0.00017728403327055275, 0.9974151849746704, 0.0004129938315600157, 0.0001868624531198293, 0.001660255016759038]",FDP,FDP
"[0.8181784749031067, 0.02562224306166172, 0.026742637157440186, 0.05663822218775749, 0.009634069167077541, 0.06318433582782745]",AfD,AfD
"[0.00031206608400680125, 0.15164898335933685, 0.0011668732622638345, 0.0013260104460641742, 0.00040599657222628593, 0.8451401591300964]",SPD,SPD
"[0.04673294723033905, 0.622376561164856, 0.1293489933013916, 0.0817795991897583, 0.013362603262066841, 0.10639931261539459]",CDU/CSU,CDU/CSU
"[0.0002046826994046569, 0.0007850616239011288, 0.006039428990334272, 0.011580083519220352, 0.0001382190821459517, 0.9812525510787964]",SPD,SPD
"[0.0006606986280530691, 0.5672634840011597, 0.019253458827733994, 0.3817395567893982, 0.0024142947513610125, 0.02866848185658455]",CDU/CSU,CDU/CSU
"[0.01563316397368908, 0.9654617309570312, 0.0062167891301214695, 0.007218924816697836, 0.0005100981798022985, 0.004959230776876211]",CDU/CSU,CDU/CSU
"[0.0015125280478969216, 0.04996286332607269, 0.3838682174682617, 0.3341778814792633, 0.0006133338320069015, 0.2298651486635208]",FDP,FDP
"[0.00014763479703105986, 0.005971773061901331, 0.02396940439939499, 0.9417335987091064, 0.0006212378502823412, 0.02755635976791382]",SPD,GRÜNE
"[0.0013496867613866925, 0.25870221853256226, 0.2332315444946289, 0.06411341577768326, 0.0005298663745634258, 0.442073255777359]",SPD,SPD
"[0.000857387378346175, 0.5902817845344543, 0.11736801266670227, 0.18257135152816772, 0.0009602814097888768, 0.10796118527650833]",GRÜNE,CDU/CSU
"[0.00013067916734144092, 0.02190038003027439, 0.07875888794660568, 0.0207651499658823, 0.00011525101581355557, 0.8783295750617981]",SPD,SPD
"[0.0001509927533334121, 0.00212342687882483, 0.002553848782554269, 0.18436147272586823, 0.0005405690753832459, 0.8102697134017944]",LINKE,SPD
"[0.0005298713804222643, 0.03805321082472801, 0.0006857181433588266, 0.8501081466674805, 0.10529384762048721, 0.005329188425093889]",GRÜNE,GRÜNE
"[0.00014433324395213276, 0.0009098380105569959, 0.0006525864591822028, 0.004673385061323643, 8.573309605708346e-05, 0.9935342073440552]",SPD,SPD
"[0.0003615241148509085, 0.13202106952667236, 0.8532373905181885, 0.002343992469832301, 0.0016667644958943129, 0.010369221679866314]",FDP,FDP
"[0.0002470129984430969, 0.99764084815979, 0.0014222272438928485, 0.0003006707411259413, 0.00019049091497436166, 0.00019878573948517442]",CDU/CSU,CDU/CSU
"[0.00037282324046827853, 0.9674631357192993, 0.028399089351296425, 0.002026317873969674, 0.0007762719760648906, 0.0009623196092434227]",CDU/CSU,CDU/CSU
"[0.9995092153549194, 0.00020975842198822647, 0.00010419775207992643, 4.377835648483597e-05, 9.194392623612657e-05, 4.110377631150186e-05]",AfD,AfD
"[0.008417309261858463, 0.07245726138353348, 0.5322909951210022, 0.365700364112854, 0.010296436958014965, 0.01083760429173708]",GRÜNE,FDP
"[0.00032689273939467967, 0.9575648307800293, 0.023922491818666458, 0.0007334068650379777, 0.01106178853660822, 0.006390635389834642]",CDU/CSU,CDU/CSU
"[0.9732359647750854, 0.002855033613741398, 0.002079628175124526, 0.00037504787906073034, 0.01754051446914673, 0.003913817927241325]",AfD,AfD
"[0.00033592982799746096, 0.0011698342859745026, 0.0066459523513913155, 0.8571454286575317, 0.02779490500688553, 0.10690796375274658]",LINKE,GRÜNE
"[0.9993032813072205, 0.00019377539865672588, 0.00029347121017053723, 3.843447120743804e-05, 0.0001396889565512538, 3.129231481580064e-05]",AfD,AfD
"[0.00018187766545452178, 0.9980475306510925, 0.0007861459162086248, 0.00027639916515909135, 0.00017821998335421085, 0.0005297951865941286]",CDU/CSU,CDU/CSU
"[0.0030030442867428064, 0.47431257367134094, 0.1034315824508667, 0.15381042659282684, 0.01228592824190855, 0.2531563639640808]",CDU/CSU,CDU/CSU
"[0.026630206033587456, 0.09833480417728424, 0.04186396673321724, 0.32554563879966736, 0.5065720081329346, 0.0010533574968576431]",LINKE,LINKE
"[0.00031959248008206487, 0.44985008239746094, 0.0013419827446341515, 0.004927552305161953, 0.0003821413265541196, 0.5431786179542542]",SPD,SPD
"[0.0007105068652890623, 0.010553834028542042, 0.001604477409273386, 0.3080134987831116, 0.6742621064186096, 0.004855504259467125]",LINKE,LINKE
"[0.000783586991019547, 0.12036803364753723, 0.4944155216217041, 0.284232497215271, 0.0004079081118106842, 0.09979243576526642]",CDU/CSU,FDP
"[0.0009372943313792348, 0.001970302779227495, 0.07094600051641464, 0.22206465899944305, 0.0014397870982065797, 0.7026419639587402]",SPD,SPD
"[0.0006060742307454348, 0.003205331740900874, 0.0010843845084309578, 0.7785592079162598, 0.0024131680838763714, 0.21413187682628632]",GRÜNE,GRÜNE
"[0.0032985981088131666, 0.6297274231910706, 0.26731032133102417, 0.005683503113687038, 0.0007217193488031626, 0.09325847774744034]",CDU/CSU,CDU/CSU
"[0.0007073660963214934, 0.8846186995506287, 0.025157829746603966, 0.0007367542129941285, 0.0006630980060435832, 0.08811626583337784]",CDU/CSU,CDU/CSU
"[0.00011046429426642135, 0.20129060745239258, 0.028161415830254555, 0.004001946654170752, 0.0008146343170665205, 0.7656208872795105]",CDU/CSU,SPD
"[0.000653926283121109, 0.04810516908764839, 0.06328024715185165, 0.3886120319366455, 0.0218589436262846, 0.4774896204471588]",SPD,SPD
"[0.00027426762972027063, 0.33742186427116394, 0.05244537442922592, 0.016775136813521385, 0.0008059218525886536, 0.5922774076461792]",SPD,SPD
"[0.0004933606251142919, 0.707680881023407, 0.017749616876244545, 0.00033029975020326674, 0.00037952361162751913, 0.2733663022518158]",CDU/CSU,CDU/CSU
"[0.8531113266944885, 0.004342347849160433, 0.000992813496850431, 0.009879326447844505, 0.13007257878780365, 0.0016015941509976983]",AfD,AfD
"[0.0001859890908235684, 0.05426687002182007, 0.016607049852609634, 0.003225458785891533, 0.0003259935474488884, 0.9253886342048645]",SPD,SPD
"[0.4935437738895416, 0.019546911120414734, 0.47684523463249207, 0.0017857629572972655, 0.007301714271306992, 0.0009766126750037074]",FDP,AfD
"[0.0005503421416506171, 0.03666834533214569, 0.15743863582611084, 0.7925465106964111, 0.010094343684613705, 0.0027018694672733545]",GRÜNE,GRÜNE
"[0.0008565768948756158, 0.19080184400081635, 0.038672491908073425, 0.19511282444000244, 0.0067572989501059055, 0.5677989721298218]",SPD,SPD
"[0.00040415883995592594, 0.0023967481683939695, 0.010023047216236591, 0.1464398354291916, 0.00021840404951944947, 0.8405178189277649]",SPD,SPD
"[0.00039622714393772185, 0.16807594895362854, 0.008118940517306328, 0.04040135070681572, 0.0012986880028620362, 0.781708836555481]",SPD,SPD
"[8.950930350692943e-05, 0.0003653978928923607, 0.9985671639442444, 0.00024489080533385277, 9.746075375005603e-05, 0.0006355305667966604]",FDP,FDP
"[0.724989652633667, 0.192810520529747, 0.052786022424697876, 0.0050730458460748196, 0.001731294789351523, 0.022609351202845573]",AfD,AfD
"[9.827448957366869e-05, 0.0012072593672201037, 0.0016846839571371675, 0.9899377822875977, 0.0003266880812589079, 0.006745334714651108]",GRÜNE,GRÜNE
"[0.0004987792344763875, 0.14762254059314728, 0.09717333316802979, 0.11442634463310242, 0.0007175724022090435, 0.6395614147186279]",GRÜNE,SPD
"[0.0005973810912109911, 0.0018108200747519732, 0.015308857895433903, 0.8111945390701294, 0.00016448964015580714, 0.1709238588809967]",GRÜNE,GRÜNE
"[0.0017278239829465747, 0.9676754474639893, 0.024839937686920166, 0.0036333389580249786, 0.0005412697792053223, 0.0015821453416720033]",CDU/CSU,CDU/CSU
"[0.0011825058609247208, 0.31294387578964233, 0.30667150020599365, 0.2652110457420349, 0.020657852292060852, 0.09333326667547226]",GRÜNE,CDU/CSU
"[0.0003930784296244383, 0.039287880063056946, 0.00861346535384655, 0.6713972687721252, 0.0035796265583485365, 0.2767287492752075]",SPD,GRÜNE
"[0.966757595539093, 0.01812668703496456, 0.014409579336643219, 7.870348781580105e-05, 0.0002190116501878947, 0.00040836926200427115]",AfD,AfD
"[0.00020765198860317469, 0.9940902590751648, 0.001972032943740487, 0.0007147529977373779, 0.00020661120652221143, 0.0028087471146136522]",CDU/CSU,CDU/CSU
"[0.00017210113583132625, 0.29764989018440247, 0.00472946697846055, 0.010087124072015285, 0.00020851922454312444, 0.6871529221534729]",SPD,SPD
"[0.0005491847987286747, 0.9978097081184387, 0.001186713227070868, 0.00011981802526861429, 0.00016880554903764278, 0.00016586419951636344]",CDU/CSU,CDU/CSU
"[0.0003526086511556059, 0.8926671147346497, 0.01712775230407715, 0.0009066336206160486, 0.00015395622176583856, 0.08879176527261734]",CDU/CSU,CDU/CSU
"[0.0009435189422219992, 0.09534329175949097, 0.05360468104481697, 0.28667208552360535, 0.003339779330417514, 0.5600965619087219]",SPD,SPD
"[0.0013246468733996153, 0.4126989543437958, 0.5679321885108948, 0.003985121846199036, 0.0024068683851510286, 0.011652176268398762]",FDP,FDP
"[0.003151974407956004, 0.3812904357910156, 0.6035079956054688, 0.0020983386784791946, 0.00046774084330536425, 0.009483559988439083]",FDP,FDP
"[0.0005899806856177747, 0.041879817843437195, 0.5055716633796692, 0.02889562025666237, 0.00033452172647230327, 0.42272838950157166]",FDP,FDP
"[0.001711999997496605, 0.7302448153495789, 0.002760091098025441, 0.019543984904885292, 0.0012349862372502685, 0.2445041388273239]",CDU/CSU,CDU/CSU
"[0.00021533365361392498, 0.0084429532289505, 0.9738834500312805, 0.015447145327925682, 0.0003502918407320976, 0.0016608273144811392]",FDP,FDP
"[0.0010368797229602933, 0.5230087637901306, 0.33034148812294006, 0.013767733238637447, 0.001143130473792553, 0.13070200383663177]",CDU/CSU,CDU/CSU
"[0.0016501680947840214, 0.8998799324035645, 0.03104681521654129, 0.0004869189579039812, 0.0005374627071432769, 0.06639870256185532]",CDU/CSU,CDU/CSU
"[0.00040990288835018873, 0.0008742609643377364, 0.0003835704119410366, 0.0022530967835336924, 0.002008134499192238, 0.9940710663795471]",SPD,SPD
"[0.00045248898095451295, 0.0015399124240502715, 0.050906553864479065, 0.6830272674560547, 0.0005435676430352032, 0.26353025436401367]",GRÜNE,GRÜNE
"[0.0004958658828400075, 0.7526454925537109, 0.001805177889764309, 0.10753866285085678, 0.011062477715313435, 0.12645229697227478]",CDU/CSU,CDU/CSU
"[0.0009894304675981402, 0.9907220005989075, 0.0065664611756801605, 0.0004026823735330254, 0.0003861278237309307, 0.000933314673602581]",CDU/CSU,CDU/CSU
"[0.9970777034759521, 0.0006613465375266969, 0.0015412394423037767, 9.715861233416945e-05, 0.0005605220794677734, 6.20539067313075e-05]",AfD,AfD
"[9.109496022574604e-05, 8.684434578754008e-05, 5.707982927560806e-05, 0.0006427894695661962, 0.9988666772842407, 0.00025552420993335545]",LINKE,LINKE
"[0.00032393017318099737, 0.8251218795776367, 0.03540894761681557, 0.00032517543877474964, 0.0017014284385368228, 0.1371186375617981]",CDU/CSU,CDU/CSU
"[0.00020497333025559783, 0.9917163252830505, 0.006852272432297468, 0.0006155401933938265, 0.0002205647324444726, 0.00039031458436511457]",CDU/CSU,CDU/CSU
"[8.454499766230583e-05, 0.0008591814548708498, 0.00033806590363383293, 0.9955989122390747, 0.0008455905481241643, 0.002273761900141835]",GRÜNE,GRÜNE
"[0.9994329214096069, 0.0001472624426241964, 0.00017314989236183465, 5.191939271753654e-05, 0.00016445573419332504, 3.030457992281299e-05]",AfD,AfD
"[0.00022852097754366696, 0.005714059341698885, 0.01430680975317955, 0.7796550989151001, 0.0012721277307718992, 0.19882342219352722]",GRÜNE,GRÜNE
"[0.10400106757879257, 0.7171679139137268, 0.0030766732525080442, 0.1255018711090088, 0.04604622349143028, 0.0042061940766870975]",CDU/CSU,CDU/CSU
"[0.9910089373588562, 0.002687924774363637, 0.004986452870070934, 0.0002372267044847831, 0.0009488179348409176, 0.00013067037798464298]",AfD,AfD
"[0.9932446479797363, 0.0005020779208280146, 0.005530017428100109, 0.00019020226318389177, 0.00042338596540503204, 0.000109720895125065]",AfD,AfD
"[0.00046085077337920666, 0.7349216938018799, 0.03772393614053726, 0.03519446402788162, 0.0005172524834051728, 0.19118180871009827]",CDU/CSU,CDU/CSU
"[0.0006110298563726246, 0.024339061230421066, 0.0020373621955513954, 0.380951464176178, 0.05600583553314209, 0.5360552668571472]",SPD,SPD
"[0.0003990759141743183, 0.41536352038383484, 0.009125872515141964, 0.0009118712041527033, 0.0002752232539933175, 0.5739244818687439]",CDU/CSU,SPD
"[0.0016232216730713844, 0.039857931435108185, 0.028499796986579895, 0.38716834783554077, 0.45321959257125854, 0.0896311029791832]",GRÜNE,LINKE
"[0.0009793518111109734, 0.0625683069229126, 0.23894402384757996, 0.10490265488624573, 0.0005310822161845863, 0.5920745730400085]",SPD,SPD
"[0.00022732776415068656, 0.3805246353149414, 0.029043100774288177, 0.15910601615905762, 0.005121562629938126, 0.42597734928131104]",GRÜNE,SPD
"[0.00814915169030428, 0.00023332572891376913, 0.00042829138692468405, 0.0005882232217118144, 0.9904573559761047, 0.00014367802941706032]",LINKE,LINKE
"[0.0004535754269454628, 0.37055763602256775, 0.02595113031566143, 0.006340983789414167, 0.0005040586111135781, 0.5961926579475403]",SPD,SPD
"[0.9585283994674683, 0.008255944587290287, 0.011610518209636211, 0.0029850073624402285, 0.01822308450937271, 0.00039705156814306974]",AfD,AfD
"[0.0012924611801281571, 0.23267920315265656, 0.14403672516345978, 0.14938956499099731, 0.0008700478938408196, 0.4717320203781128]",FDP,SPD
"[0.0021471090149134398, 0.6654880046844482, 0.16375340521335602, 0.002937235403805971, 0.16463026404380798, 0.0010439332108944654]",LINKE,CDU/CSU
"[0.0003892722015734762, 0.09926740825176239, 0.004526824690401554, 0.02006978914141655, 0.0005591398221440613, 0.8751875758171082]",SPD,SPD
"[0.1818157583475113, 0.10225654393434525, 0.02859620563685894, 0.024588385596871376, 0.5164201259613037, 0.14632295072078705]",LINKE,LINKE
"[0.00040125229861587286, 0.12389492988586426, 0.0011896288488060236, 0.21884338557720184, 0.004027452785521746, 0.6516432762145996]",SPD,SPD
"[0.00052957225125283, 0.34046313166618347, 0.3645530343055725, 0.029616214334964752, 0.0008840057998895645, 0.2639540433883667]",CDU/CSU,FDP
"[0.6109603643417358, 0.2942594289779663, 0.035588912665843964, 0.02603957988321781, 0.01947690360248089, 0.01367483101785183]",CDU/CSU,AfD
"[0.0005396478809416294, 0.07989785075187683, 0.09636663645505905, 0.04553252086043358, 0.0008045302820391953, 0.7768588066101074]",SPD,SPD
"[0.007078990805894136, 0.8409019112586975, 0.034776024520397186, 0.0004999439115636051, 0.11582183092832565, 0.0009213353041559458]",CDU/CSU,CDU/CSU
"[0.00042986564221791923, 0.8858758211135864, 0.03209517523646355, 0.019884608685970306, 0.0004804873315151781, 0.06123395264148712]",CDU/CSU,CDU/CSU
"[0.0005275030271150172, 0.0006676606135442853, 0.002666076412424445, 0.4866776168346405, 0.5088778138160706, 0.0005833628820255399]",LINKE,LINKE
"[0.8912321925163269, 0.0036198545712977648, 0.10332021862268448, 0.0009264775435440242, 0.0008002211689017713, 0.00010102129454025999]",AfD,AfD
"[0.0001304119359701872, 0.01852462999522686, 0.022250987589359283, 0.835246741771698, 0.098777174949646, 0.02507008984684944]",GRÜNE,GRÜNE
"[0.0008548400946892798, 0.8012688755989075, 0.1580977886915207, 0.014798303134739399, 0.0019117711344733834, 0.02306848205626011]",CDU/CSU,CDU/CSU
"[0.000499990361277014, 0.3539433479309082, 0.049218177795410156, 0.017628470435738564, 0.0009723581024445593, 0.5777376294136047]",SPD,SPD
"[0.0004005097725894302, 0.004170271568000317, 0.9600473046302795, 0.009824351407587528, 0.00017380288045387715, 0.025383757427334785]",FDP,FDP
"[0.0002025460998993367, 0.15488001704216003, 0.023787155747413635, 0.1813875287771225, 0.001606664271093905, 0.638136088848114]",SPD,SPD
"[0.00020876499183941633, 0.00015002625877968967, 3.847182233585045e-05, 0.00032244843896478415, 0.9989986419677734, 0.00028162956004962325]",LINKE,LINKE
"[0.999355137348175, 0.0002879645035136491, 0.000169072111020796, 5.140440771356225e-05, 7.97322136349976e-05, 5.664599666488357e-05]",AfD,AfD
"[0.4988390803337097, 0.003164322581142187, 0.014389513991773129, 0.00427671056240797, 0.47673115134239197, 0.002599237021058798]",AfD,AfD
"[0.0016525561222806573, 0.061566244810819626, 0.8610589504241943, 0.0020273730624467134, 0.00046206300612539053, 0.07323280721902847]",FDP,FDP
"[0.0022830094676464796, 0.9906919598579407, 0.004650508519262075, 0.00023924466222524643, 0.001569526270031929, 0.0005657189176417887]",CDU/CSU,CDU/CSU
"[0.00019104241800960153, 0.7104113101959229, 0.12372395396232605, 0.00442290585488081, 0.0006392569048330188, 0.1606115847826004]",CDU/CSU,CDU/CSU
"[0.0001735619007376954, 0.005397808272391558, 0.016418052837252617, 0.17035917937755585, 0.0006107180379331112, 0.8070406913757324]",SPD,SPD
"[0.001990976044908166, 0.849881649017334, 0.14654189348220825, 0.0007520800572820008, 0.0002742927463259548, 0.0005591357476077974]",CDU/CSU,CDU/CSU
"[0.00038120479439385235, 0.04009517282247543, 0.012307423166930676, 0.6921422481536865, 0.005147333722561598, 0.24992656707763672]",SPD,GRÜNE
"[0.0016344464384019375, 0.020732982084155083, 0.05409127473831177, 0.010116752237081528, 0.1482676863670349, 0.7651568651199341]",SPD,SPD
"[0.0002408582513453439, 0.04272450506687164, 0.9514245986938477, 0.00038663402665406466, 0.0005090389167889953, 0.004714296665042639]",FDP,FDP
"[0.0007235239609144628, 0.2722424864768982, 0.7123399972915649, 0.0029721183236688375, 0.003664912423118949, 0.008056995458900928]",FDP,FDP
"[0.0014155402313917875, 0.0023335462901741266, 0.0023237112909555435, 0.07250644266605377, 0.8628590106964111, 0.05856170505285263]",LINKE,LINKE
"[0.0004266620962880552, 0.3275306224822998, 0.0041968440636992455, 0.003125801682472229, 0.0008762427605688572, 0.6638438105583191]",SPD,SPD
"[0.0001621711126063019, 0.9855248332023621, 0.000746045378036797, 0.0005424349801614881, 0.00014544125588145107, 0.012879136949777603]",CDU/CSU,CDU/CSU
"[0.0002596045669633895, 0.06205345690250397, 0.8018103241920471, 0.005586798768490553, 0.00022635236382484436, 0.1300634890794754]",FDP,FDP
"[0.0014771202113479376, 0.6227774024009705, 0.37321051955223083, 0.0004154183843638748, 0.0003519037854857743, 0.0017675913404673338]",CDU/CSU,CDU/CSU
"[0.996430516242981, 0.0008731500711292028, 0.002422708785161376, 9.48750093812123e-05, 5.032250192016363e-05, 0.00012835190864279866]",AfD,AfD
"[0.002229190431535244, 0.030774684622883797, 0.028268681839108467, 0.7349053621292114, 0.1988595724105835, 0.004962478764355183]",LINKE,GRÜNE
"[0.0002576276601757854, 0.023816244676709175, 0.014421581290662289, 0.6720476746559143, 0.0007961392402648926, 0.2886607050895691]",SPD,GRÜNE
"[0.9993690252304077, 0.0002368671994190663, 0.00010726423352025449, 3.8689620851073414e-05, 0.00019599510414991528, 5.216967110754922e-05]",AfD,AfD
"[0.0005816229968331754, 0.12393369525671005, 0.26903775334358215, 0.16096128523349762, 0.024443315342068672, 0.4210422933101654]",SPD,SPD
"[0.00026976692606694996, 0.18735289573669434, 0.7951526641845703, 0.0032558783423155546, 0.0006403609295375645, 0.01332846749573946]",FDP,FDP
"[0.003733214922249317, 0.6790381669998169, 0.03296707198023796, 0.06403833627700806, 0.005982350558042526, 0.2142408788204193]",CDU/CSU,CDU/CSU
"[0.000328621274093166, 0.019162796437740326, 0.979290246963501, 0.0004612009506672621, 0.0003465742338448763, 0.0004105387779418379]",FDP,FDP
"[0.9989867210388184, 0.00039654684951528907, 0.0004135639755986631, 4.508496931521222e-05, 0.00010082974040415138, 5.729173790314235e-05]",AfD,AfD
"[0.5010930299758911, 0.4740208089351654, 0.01609259657561779, 0.0007482614018954337, 0.006910510361194611, 0.0011347918771207333]",AfD,AfD
"[0.00027778311050496995, 0.0007217678357847035, 0.013314931653439999, 0.8168962001800537, 0.0002662405604496598, 0.16852308809757233]",GRÜNE,GRÜNE
"[0.005822761449962854, 0.5370237827301025, 0.053369730710983276, 0.052578747272491455, 0.008713681250810623, 0.3424913287162781]",SPD,CDU/CSU
"[0.0003944349300581962, 0.015913696959614754, 0.5412909984588623, 0.047755610197782516, 0.0004063431406393647, 0.3942389190196991]",SPD,FDP
"[0.0001525445986771956, 0.2769097685813904, 0.6869730353355408, 0.003929320257157087, 0.0012943892506882548, 0.030740968883037567]",FDP,FDP
"[0.26038533449172974, 0.053949903696775436, 0.32106244564056396, 0.024837946519255638, 0.3100645840167999, 0.02969978377223015]",AfD,FDP
"[0.9994046688079834, 0.00021109255612827837, 8.982179133454338e-05, 4.010561679024249e-05, 0.00019098413758911192, 6.335384387057275e-05]",AfD,AfD
"[0.999125063419342, 0.00014823663514107466, 0.0003207229601684958, 8.40063439682126e-05, 0.00027560864691622555, 4.6354889491340145e-05]",AfD,AfD
"[0.040744662284851074, 0.18678300082683563, 0.022386683151125908, 0.158997043967247, 0.1183125302195549, 0.47277605533599854]",SPD,SPD
"[0.9989273548126221, 0.0005402210517786443, 0.0003405982570257038, 3.884431498590857e-05, 8.914696081774309e-05, 6.376858073053882e-05]",AfD,AfD
"[0.00013035394658800215, 0.012423627078533173, 0.0014540229458361864, 0.003006582846865058, 0.00016545811377000064, 0.9828199744224548]",SPD,SPD
"[0.0008681894396431744, 0.001813442213460803, 0.0001490746217314154, 0.0005185461486689746, 0.9965595602989197, 9.121653420152143e-05]",LINKE,LINKE
"[0.00038407513056881726, 0.013708601705729961, 0.0035287512000650167, 0.0019557701889425516, 0.00020942911214660853, 0.9802133440971375]",SPD,SPD
"[0.0003529083332978189, 0.06515394151210785, 0.5982410311698914, 0.15878726541996002, 0.00621748436242342, 0.17124733328819275]",FDP,FDP
"[0.0008395514450967312, 0.07612025737762451, 0.6077987551689148, 0.2915324866771698, 0.013026148080825806, 0.010682768188416958]",GRÜNE,FDP
"[0.00519593944773078, 0.014913204126060009, 0.7266075611114502, 0.013072491623461246, 0.23940080404281616, 0.000809994526207447]",FDP,FDP
"[0.997452437877655, 0.0008177154813893139, 0.001213975832797587, 6.177548493724316e-05, 0.0003382218419574201, 0.00011586351320147514]",AfD,AfD
"[0.0019389315275475383, 0.2371084839105606, 0.0805625393986702, 0.05503244325518608, 0.0037076862063258886, 0.6216498017311096]",SPD,SPD
"[9.729164594318718e-05, 0.0013312188675627112, 0.9977142810821533, 0.0005439271917566657, 0.00014440207451116294, 0.0001688429620116949]",FDP,FDP
"[0.0003868037019856274, 0.6450760364532471, 0.08319085091352463, 0.014664869755506516, 0.00044333963887766004, 0.25623810291290283]",CDU/CSU,CDU/CSU
"[0.0005295947776176035, 0.03515613079071045, 0.960746705532074, 0.0028462656773626804, 0.00021978741278871894, 0.0005015098722651601]",FDP,FDP
"[0.0003024536999873817, 0.002364219631999731, 0.007965265773236752, 0.8258286714553833, 0.0003008350031450391, 0.1632385551929474]",GRÜNE,GRÜNE
"[0.00020347931422293186, 0.007830902002751827, 0.0009244844550266862, 0.9617423415184021, 0.0047711823135614395, 0.0245276540517807]",GRÜNE,GRÜNE
"[0.01548093557357788, 0.06635397672653198, 0.12949232757091522, 0.2451217919588089, 0.03934580087661743, 0.5042051672935486]",SPD,SPD
"[0.9821938276290894, 0.000391278212191537, 0.015721403062343597, 0.00013416983711067587, 0.0013737209374085069, 0.00018555014685261995]",AfD,AfD
"[0.000642105471342802, 0.0868992954492569, 0.8486447930335999, 0.033932559192180634, 0.02627265453338623, 0.003608630271628499]",FDP,FDP
"[0.00015315199561882764, 0.00021465583995450288, 9.294272604165599e-05, 0.0031829613726586103, 0.9953895211219788, 0.0009667629492469132]",LINKE,LINKE
"[0.00033845071448013186, 0.0010343887843191624, 0.0006385144079104066, 0.8186354041099548, 0.0005734795704483986, 0.178779736161232]",GRÜNE,GRÜNE
"[0.001970966812223196, 0.0016008206875994802, 0.009895198047161102, 0.19889597594738007, 0.0009881651494652033, 0.7866488695144653]",GRÜNE,SPD
"[0.0005590299260802567, 0.005527825560420752, 0.0890762135386467, 0.6994614005088806, 0.0010822840267792344, 0.20429325103759766]",GRÜNE,GRÜNE
"[0.4498082995414734, 0.4069904386997223, 0.08151187747716904, 0.004629106260836124, 0.0019124255049973726, 0.055147893726825714]",FDP,AfD
"[0.027849411591887474, 0.9007167220115662, 0.04074953868985176, 0.0004146903520449996, 0.0002949573390651494, 0.0299746785312891]",CDU/CSU,CDU/CSU
"[0.00039278273470699787, 0.0030160231981426477, 0.006856136955320835, 0.4048503339290619, 0.5845423340797424, 0.0003424259484745562]",LINKE,LINKE
"[0.000770471291616559, 0.00018137157894670963, 0.00017290990217588842, 0.0010481253266334534, 0.9972978234291077, 0.0005292841233313084]",LINKE,LINKE
"[0.0005294843576848507, 0.0002725551603361964, 0.9983865022659302, 0.00023795911693014205, 0.00033037352841347456, 0.00024312682216987014]",FDP,FDP
"[0.00015486973279621452, 0.017615485936403275, 0.0006763859419152141, 0.0016847194638103247, 0.00015192934370134026, 0.9797165393829346]",SPD,SPD
"[0.0005518316756933928, 0.9014869928359985, 0.0016586906276643276, 0.00013406538346316665, 0.0003624186501838267, 0.09580603241920471]",CDU/CSU,CDU/CSU
"[0.00016441565821878612, 0.0035283430479466915, 0.02137274481356144, 0.5457846522331238, 0.0004156783688813448, 0.4287341833114624]",SPD,GRÜNE
"[0.00035601959098130465, 0.4105958342552185, 0.2486255168914795, 0.03731271252036095, 0.00034424950717948377, 0.3027656674385071]",CDU/CSU,CDU/CSU
"[0.19111640751361847, 0.256868839263916, 0.28380337357521057, 0.01958622597157955, 0.009686234407126904, 0.23893886804580688]",CDU/CSU,FDP
"[0.00030853430507704616, 0.9488811492919922, 0.0009086937643587589, 0.04236472770571709, 0.001271282322704792, 0.006265587639063597]",CDU/CSU,CDU/CSU
"[0.001736361882649362, 0.04899810254573822, 0.05415640398859978, 0.5195807218551636, 0.07066531479358673, 0.3048630952835083]",SPD,GRÜNE
"[0.0015745945274829865, 0.7222949862480164, 0.19107717275619507, 0.05881583318114281, 0.0008945197332650423, 0.025342898443341255]",CDU/CSU,CDU/CSU
"[0.9971537590026855, 0.0009915403788909316, 0.0011219469597563148, 0.00025222034309990704, 0.00020595018577296287, 0.0002745623351074755]",AfD,AfD
"[0.0001800760073820129, 0.8451371788978577, 0.006293538957834244, 0.00282990257255733, 0.000587552145589143, 0.14497168362140656]",CDU/CSU,CDU/CSU
"[0.0013789167860522866, 0.3037146329879761, 0.687541663646698, 0.005155382212251425, 0.0005042359698563814, 0.001705192611552775]",FDP,FDP
"[0.0003567769890651107, 0.35212504863739014, 0.008904663845896721, 0.009276284836232662, 0.00032247285707853734, 0.6290147304534912]",SPD,SPD
"[0.00033501951838843524, 0.005953466985374689, 0.2695590555667877, 0.07097624987363815, 0.00038108203443698585, 0.652795135974884]",SPD,SPD
"[0.000981282559223473, 0.13065235316753387, 0.6709175109863281, 0.0686643198132515, 0.004374026786535978, 0.1244104728102684]",FDP,FDP
"[0.000711578584741801, 0.07300952076911926, 0.009609553031623363, 0.019862471148371696, 0.0003929710073862225, 0.8964139819145203]",SPD,SPD
"[0.9072244167327881, 0.013428614474833012, 0.037684038281440735, 0.008839812129735947, 0.03116591088473797, 0.0016571548767387867]",AfD,AfD
"[0.0005919191753491759, 0.007395074237138033, 0.009606163017451763, 0.016520855948328972, 0.06595069169998169, 0.8999353051185608]",SPD,SPD
"[0.0002747779944911599, 0.0030227091629058123, 0.000736141751985997, 0.00033331778831779957, 0.0005025432910770178, 0.9951304793357849]",SPD,SPD
"[0.21343213319778442, 0.7673266530036926, 0.015882737934589386, 0.0016111504519358277, 0.001125033712014556, 0.0006222793599590659]",CDU/CSU,CDU/CSU
"[0.018215902149677277, 0.05811390280723572, 0.0274129007011652, 0.8515013456344604, 0.03789276257157326, 0.006863136775791645]",GRÜNE,GRÜNE
"[0.009774570353329182, 0.07570946216583252, 0.2768661379814148, 0.03215145692229271, 0.5982698202133179, 0.007228462025523186]",LINKE,LINKE
"[0.26315465569496155, 0.7334336638450623, 0.0012813651701435447, 0.00021576056315097958, 0.0011895514326170087, 0.0007249438785947859]",CDU/CSU,CDU/CSU
"[0.00024391448823735118, 0.17068064212799072, 0.015109090134501457, 0.04893820732831955, 0.00031680508982390165, 0.764711320400238]",SPD,SPD
"[0.0006198174669407308, 0.03294457867741585, 0.49613821506500244, 0.25680243968963623, 0.00019263285503257066, 0.21330231428146362]",GRÜNE,FDP
"[0.00039826848660595715, 0.039801422506570816, 0.003842534264549613, 0.26953157782554626, 0.6795341968536377, 0.006892021279782057]",LINKE,LINKE
"[0.00015217391774058342, 0.0009593314025551081, 0.0017490106401965022, 0.8306577205657959, 0.00027021399000659585, 0.1662115752696991]",GRÜNE,GRÜNE
"[0.00023169879568740726, 0.06300918757915497, 0.0031000925227999687, 0.002247454831376672, 0.00047637056559324265, 0.9309351444244385]",SPD,SPD
"[0.99186110496521, 0.0006861352012492716, 0.007023392710834742, 0.00011559962877072394, 0.00025860455934889615, 5.5222149967448786e-05]",AfD,AfD
"[0.00022790768707636744, 0.006651617586612701, 0.06855285167694092, 0.0410507395863533, 0.0002654787094797939, 0.883251428604126]",SPD,SPD
"[0.00020317468442954123, 0.18827685713768005, 0.08399653434753418, 0.054297808557748795, 0.00015541442553512752, 0.6730701923370361]",SPD,SPD
"[0.9990243911743164, 0.0003230843285564333, 0.0004614430945366621, 4.2941857827827334e-05, 7.163370173657313e-05, 7.65521326684393e-05]",AfD,AfD
"[0.9994248151779175, 0.0002645298663992435, 0.00011863521649502218, 3.556429146556184e-05, 9.137646702583879e-05, 6.511576066259295e-05]",AfD,AfD
"[0.00046612363075837493, 0.009415259584784508, 0.03481384739279747, 0.7321910262107849, 0.0025817896239459515, 0.22053194046020508]",SPD,GRÜNE
"[0.0006450004293583333, 0.8146523237228394, 0.03705793246626854, 0.002059888793155551, 0.0046148221008479595, 0.14096996188163757]",CDU/CSU,CDU/CSU
"[0.005232908297330141, 0.5926778316497803, 0.156770721077919, 0.011581812053918839, 0.22726114094257355, 0.006475595757365227]",FDP,CDU/CSU
"[0.00042186910286545753, 0.9104982018470764, 0.03534124791622162, 0.0022447111550718546, 0.00019253185018897057, 0.05130147188901901]",SPD,CDU/CSU
"[0.0002998949494212866, 0.04882900416851044, 0.48877930641174316, 0.1292727142572403, 0.0001808682136470452, 0.3326382637023926]",FDP,FDP
"[0.000959696713835001, 0.8854166865348816, 0.11143568158149719, 0.0009835177334025502, 0.00039079858106561005, 0.0008136395481415093]",CDU/CSU,CDU/CSU
"[0.00023280676396097988, 0.0001889488921733573, 0.0003842389560304582, 0.013066603802144527, 0.985582709312439, 0.0005447048461064696]",LINKE,LINKE
"[0.0007257219403982162, 0.043332863599061966, 0.5586375594139099, 0.014629428274929523, 0.0003107440716121346, 0.3823636770248413]",SPD,FDP
"[0.0041218954138457775, 0.09623882919549942, 0.8655995726585388, 0.02403147518634796, 0.00256259529851377, 0.007445610594004393]",FDP,FDP
"[0.00016781373415142298, 0.0010288561461493373, 0.004557352978736162, 0.01573934778571129, 0.0001277344417758286, 0.9783788323402405]",SPD,SPD
"[0.00035133559140376747, 0.0013559083454310894, 0.017660988494753838, 0.1711435467004776, 0.00020855710317846388, 0.8092796206474304]",SPD,SPD
"[0.0004036283353343606, 0.9664038419723511, 0.026907088235020638, 0.0038391458801925182, 0.00022852892288938165, 0.002217713510617614]",CDU/CSU,CDU/CSU
"[0.0003183824592269957, 0.010729962959885597, 0.004404224455356598, 0.8807699084281921, 0.0006937039433978498, 0.10308374464511871]",GRÜNE,GRÜNE
"[0.0004760274023283273, 0.13137191534042358, 0.033396732062101364, 0.18903392553329468, 0.0014635634142905474, 0.6442577838897705]",SPD,SPD
"[0.9987869262695312, 0.00035196065437048674, 0.000329938338836655, 0.00016698292165528983, 0.0002508816251065582, 0.00011328540131216869]",AfD,AfD
"[0.0005804078537039459, 0.7888080477714539, 0.04134174808859825, 0.014962336048483849, 0.0010398976737633348, 0.1532675325870514]",CDU/CSU,CDU/CSU
"[0.0007750978693366051, 0.020323751494288445, 0.0034224886912852526, 0.08831600099802017, 0.0002400470693828538, 0.8869225978851318]",SPD,SPD
"[0.0002671348920557648, 0.06926634162664413, 0.031237492337822914, 0.1905062347650528, 0.0009063588222488761, 0.7078164219856262]",SPD,SPD
"[0.00011800970241893083, 0.028394734486937523, 0.002578036393970251, 0.012648871168494225, 0.00032440602080896497, 0.9559359550476074]",SPD,SPD
"[0.0002089348854497075, 0.556039035320282, 0.00808363500982523, 0.29568934440612793, 0.012350932694971561, 0.12762810289859772]",GRÜNE,CDU/CSU
"[0.00043598772026598454, 0.06856780499219894, 0.8623156547546387, 0.0007182432455010712, 0.0010543849784880877, 0.06690790504217148]",FDP,FDP
"[0.0005379242938943207, 0.7199944853782654, 0.03760631009936333, 0.21244163811206818, 0.011642016470432281, 0.01777755282819271]",CDU/CSU,CDU/CSU
"[0.0001893088483484462, 0.9704527854919434, 0.0009575138101354241, 0.0006250380538403988, 0.0002013268822338432, 0.02757406048476696]",CDU/CSU,CDU/CSU
"[0.0008043773123063147, 0.5136199593544006, 0.12053823471069336, 0.010164412669837475, 0.0005107951001264155, 0.35436224937438965]",CDU/CSU,CDU/CSU
"[0.00024137599393725395, 0.48354363441467285, 0.0061732130125164986, 0.006796849891543388, 0.0004771769745275378, 0.5027677416801453]",CDU/CSU,SPD
"[0.0013769930228590965, 0.05027947574853897, 0.2764219641685486, 0.6185622215270996, 0.01961168833076954, 0.03374762833118439]",LINKE,GRÜNE
"[0.0002992064692080021, 0.9008021950721741, 0.011790210381150246, 0.007854421623051167, 0.00022541456564795226, 0.07902859896421432]",CDU/CSU,CDU/CSU
"[0.0003731597098521888, 0.2905658185482025, 0.00149515678640455, 0.0012366462033241987, 0.0005884214187972248, 0.705740749835968]",SPD,SPD
"[0.0002379491925239563, 0.7701953053474426, 0.002747155725955963, 0.002199259353801608, 0.0001843993813963607, 0.2244359403848648]",CDU/CSU,CDU/CSU
"[0.0003334351349622011, 0.3824564814567566, 0.08319807797670364, 0.015315133146941662, 0.0010210521286353469, 0.5176758170127869]",CDU/CSU,SPD
"[0.0006576243904419243, 0.2543350160121918, 0.07130970060825348, 0.00877335388213396, 0.0002424125123070553, 0.6646819114685059]",FDP,SPD
"[0.00016918714391067624, 0.0059272353537380695, 0.24657541513442993, 0.7288947105407715, 0.0008132987422868609, 0.017620190978050232]",GRÜNE,GRÜNE
"[0.00046724657295271754, 0.09866280108690262, 0.0487416610121727, 0.321635901927948, 0.0006281362730078399, 0.5298643112182617]",SPD,SPD
"[0.00025778260896913707, 0.7796590924263, 0.012677938677370548, 0.005399021785706282, 0.00025465915678068995, 0.2017514854669571]",CDU/CSU,CDU/CSU
"[0.3319316506385803, 0.6629193425178528, 0.0032546883448958397, 0.0003904664481524378, 0.0012255997862666845, 0.00027818421949632466]",CDU/CSU,CDU/CSU
"[0.9993217587471008, 0.0002890678879339248, 0.00015636906027793884, 3.329859100631438e-05, 0.00016548688290640712, 3.397650289116427e-05]",AfD,AfD
"[0.00018603562784846872, 0.013333853334188461, 0.0004611379117704928, 0.0036925708409398794, 0.00010476942406967282, 0.9822216629981995]",SPD,SPD
"[0.0027000929694622755, 0.012428966350853443, 0.5971669554710388, 0.3581537902355194, 0.0134435398504138, 0.016106657683849335]",FDP,FDP
"[0.008063080720603466, 0.2795352041721344, 0.01493129599839449, 0.04546615853905678, 0.005395369604229927, 0.6466089487075806]",SPD,SPD
"[0.00020537583623081446, 0.00013869311078451574, 4.854343205806799e-05, 0.006277729291468859, 0.9927559494972229, 0.0005737452302128077]",LINKE,LINKE
"[0.0008589639328420162, 0.549686074256897, 0.37343981862068176, 0.0008038586820475757, 0.0013851055409759283, 0.07382624596357346]",CDU/CSU,CDU/CSU
"[0.0004294897662475705, 0.0009942356264218688, 0.008237216621637344, 0.8092780113220215, 0.0014554737135767937, 0.17960557341575623]",GRÜNE,GRÜNE
"[8.46866678330116e-05, 0.00580918975174427, 0.011745309457182884, 0.936789870262146, 0.0006706183776259422, 0.04490036889910698]",GRÜNE,GRÜNE
"[0.0029616262763738632, 0.35681405663490295, 0.0797707661986351, 0.2101149559020996, 0.22554786503314972, 0.12479069828987122]",LINKE,CDU/CSU
"[0.00045594852417707443, 0.9648091197013855, 0.019769610837101936, 0.0007991751772351563, 0.00038504996336996555, 0.013781134970486164]",CDU/CSU,CDU/CSU
"[0.9946448802947998, 0.002926938934251666, 0.0018120890017598867, 0.00010659387771738693, 0.00023737296578474343, 0.0002721562050282955]",AfD,AfD
"[0.0004810177779290825, 0.05319470167160034, 0.7177877426147461, 0.032117802649736404, 0.00026585362502373755, 0.19615285098552704]",FDP,FDP
"[0.00047808713861741126, 0.6545535922050476, 0.06471766531467438, 0.001945060328580439, 0.00034693116322159767, 0.2779586911201477]",CDU/CSU,CDU/CSU
"[0.00040328281465917826, 0.996669352054596, 0.001339196925982833, 9.30003443500027e-05, 0.0009525922941975296, 0.0005426074494607747]",CDU/CSU,CDU/CSU
"[0.00014664270565845072, 0.003900789888575673, 0.00028988817939534783, 0.008600803092122078, 0.0001876145979622379, 0.9868742227554321]",SPD,SPD
"[0.000829509343020618, 0.00024656375171616673, 9.50361936702393e-05, 0.00019585524569265544, 0.9982137680053711, 0.00041921332012861967]",LINKE,LINKE
"[0.00022130284924060106, 0.0036052055656909943, 0.9952563643455505, 0.0001562012330396101, 7.204037683550268e-05, 0.0006888768984936178]",FDP,FDP
"[0.00022942372015677392, 0.324317067861557, 0.43386662006378174, 0.02644423395395279, 0.0007822176557965577, 0.21436046063899994]",CDU/CSU,FDP
"[0.0006863429443910718, 0.9893612265586853, 0.004547800403088331, 0.0025376519188284874, 0.0012010454665869474, 0.0016658587846904993]",CDU/CSU,CDU/CSU
"[0.0007056377362459898, 0.32829681038856506, 0.011198527179658413, 0.0005731479614041746, 0.011315949261188507, 0.6479098796844482]",CDU/CSU,SPD
"[0.8034355044364929, 0.0030800073873251677, 0.0027622494380921125, 0.0014556031674146652, 0.18897812068462372, 0.0002885913127101958]",AfD,AfD
"[0.0006631003343500197, 0.00033115624682977796, 0.005197891499847174, 0.06903950124979019, 0.9237383008003235, 0.0010300431167706847]",LINKE,LINKE
"[0.0028988446574658155, 0.2645455300807953, 0.08850347250699997, 0.05705473572015762, 0.38768237829208374, 0.19931507110595703]",FDP,LINKE
"[0.0015247850678861141, 0.077757328748703, 0.1313340812921524, 0.006112696602940559, 0.040894605219364166, 0.7423765063285828]",SPD,SPD
"[0.00019430730026215315, 0.6628761291503906, 0.005667283199727535, 0.0012319049565121531, 0.0001761639432515949, 0.32985424995422363]",SPD,CDU/CSU
"[9.611114364815876e-05, 0.00016205142310354859, 5.672642510035075e-05, 0.00041054573375731707, 0.999043345451355, 0.00023122690618038177]",LINKE,LINKE
"[0.000313358090352267, 0.5275623202323914, 0.019174208864569664, 0.023693975061178207, 0.00019866977527271956, 0.4290574789047241]",CDU/CSU,CDU/CSU
"[0.0011026286520063877, 0.7102830410003662, 0.06484100222587585, 0.005199749488383532, 0.0011813605669885874, 0.2173921763896942]",CDU/CSU,CDU/CSU
"[0.0005297737661749125, 0.0019498481415212154, 0.034248385578393936, 0.9616222381591797, 0.0012894365936517715, 0.0003603169461712241]",GRÜNE,GRÜNE
"[0.0005880394019186497, 0.6513121128082275, 0.29665112495422363, 0.007916994392871857, 0.0004730334912892431, 0.043058767914772034]",CDU/CSU,CDU/CSU
"[0.0003571617999114096, 0.009463627822697163, 0.002462010830640793, 0.007088659331202507, 0.019564040005207062, 0.9610644578933716]",SPD,SPD
"[0.0023405118845403194, 0.002293819095939398, 0.7295082211494446, 0.008134234696626663, 0.008226599544286728, 0.24949653446674347]",FDP,FDP
"[0.002888476476073265, 0.0752258375287056, 0.008358082734048367, 0.12210358679294586, 0.7777710556983948, 0.013652898371219635]",LINKE,LINKE
"[0.9952461123466492, 0.001373306498862803, 0.002220562659204006, 0.000391930720070377, 0.00024275394389405847, 0.0005253275157883763]",AfD,AfD
"[0.0006334605859592557, 0.005283222533762455, 0.0007522531086578965, 0.6154469847679138, 0.3675001561641693, 0.010383899323642254]",LINKE,GRÜNE
"[0.0005998273263685405, 0.3042875826358795, 0.03733321279287338, 0.10300661623477936, 0.002761929063126445, 0.5520108938217163]",CDU/CSU,SPD
"[0.0003039581060875207, 0.27634069323539734, 0.5593149065971375, 0.08264904469251633, 0.0012068827636539936, 0.08018447458744049]",FDP,FDP
"[0.0002425172133371234, 0.22598043084144592, 0.01019963063299656, 0.0042836423963308334, 0.00016210900503210723, 0.759131669998169]",SPD,SPD
"[0.0006587182288058102, 0.8952717185020447, 0.021374380216002464, 0.003742677392438054, 0.0009938119910657406, 0.07795868813991547]",CDU/CSU,CDU/CSU
"[0.4565351605415344, 0.0008345514070242643, 0.4217870831489563, 0.10503314435482025, 0.0035956394858658314, 0.012214429676532745]",AfD,AfD
"[0.0009546136134304106, 0.2581937313079834, 0.21244306862354279, 0.14774885773658752, 0.001011383137665689, 0.379648357629776]",SPD,SPD
"[0.0008960504201240838, 0.16019824147224426, 0.6259845495223999, 0.0026816409081220627, 0.0011133861262351274, 0.20912611484527588]",FDP,FDP
"[0.00020667866920121014, 0.9961309432983398, 0.0024631409905850887, 0.00047680269926786423, 0.00015239529602695256, 0.0005701010231859982]",CDU/CSU,CDU/CSU
"[0.4299178123474121, 0.4443545341491699, 0.0725501999258995, 0.005020835902541876, 0.002427835715934634, 0.04572875797748566]",AfD,CDU/CSU
"[0.00031910737743601203, 0.9021294116973877, 0.04270099475979805, 0.0005119774141348898, 0.000416839262470603, 0.05392169579863548]",CDU/CSU,CDU/CSU
"[0.0002671823604032397, 0.9002082943916321, 0.002974556526169181, 0.0013112169690430164, 0.00023232812236528844, 0.09500648081302643]",CDU/CSU,CDU/CSU
"[8.994438394438475e-05, 0.00013141351519152522, 4.547265052678995e-05, 0.0007373410044237971, 0.9988445043563843, 0.00015133853594306856]",LINKE,LINKE
"[0.00030275777680799365, 0.041866227984428406, 0.06871135532855988, 0.5913398265838623, 0.0006542198825627565, 0.29712557792663574]",GRÜNE,GRÜNE
"[0.0005337375332601368, 0.01589386723935604, 0.004870434291660786, 0.14947812259197235, 0.001074954285286367, 0.8281488418579102]",SPD,SPD
"[0.0004462910001166165, 0.012727303430438042, 0.005712817423045635, 0.9752739667892456, 0.0011243568733334541, 0.004715295508503914]",GRÜNE,GRÜNE
"[0.00048413092736154795, 0.3194853365421295, 0.0007917860057204962, 0.0026384706143289804, 0.00041774247074499726, 0.6761825680732727]",SPD,SPD
"[0.0002236300497315824, 0.008058656007051468, 0.013158884830772877, 0.8641964793205261, 0.10509297996759415, 0.00926943589001894]",GRÜNE,GRÜNE
"[0.0003415994578972459, 0.33488354086875916, 0.04534033313393593, 0.04331948235630989, 0.00047209011972881854, 0.5756429433822632]",CDU/CSU,SPD
"[0.9171972274780273, 0.006358700338751078, 0.056810975074768066, 0.0012073729885742068, 0.017983727157115936, 0.00044198569958098233]",AfD,AfD
"[9.824215521803126e-05, 0.008871708996593952, 0.00298115611076355, 0.035806804895401, 0.00034626820706762373, 0.9518958926200867]",SPD,SPD
"[0.000675893563311547, 0.9926348328590393, 0.00377645087428391, 0.0007481712382286787, 0.0002725743397604674, 0.0018920591101050377]",CDU/CSU,CDU/CSU
"[0.0005003745900467038, 0.052358292043209076, 0.30711206793785095, 0.22950255870819092, 0.008124302141368389, 0.4024023711681366]",FDP,SPD
"[0.0002145368343917653, 0.0009237508056685328, 0.008532066829502583, 0.978976309299469, 0.0011417946079745889, 0.010211546905338764]",GRÜNE,GRÜNE
"[0.0002641150786075741, 0.6202362179756165, 0.009981360286474228, 0.0014923623530194163, 0.0005838687648065388, 0.3674420416355133]",CDU/CSU,CDU/CSU
"[0.0001574461639393121, 0.006174871232360601, 0.00279674562625587, 0.4638543128967285, 0.5021272897720337, 0.024889353662729263]",GRÜNE,LINKE
"[0.0007560073863714933, 0.03952242061495781, 0.19093888998031616, 0.5382259488105774, 0.0008180888835340738, 0.22973868250846863]",GRÜNE,GRÜNE
"[6.612138531636447e-05, 0.0003825632738880813, 0.0007256614044308662, 0.9947494864463806, 0.00035073363687843084, 0.003725334070622921]",GRÜNE,GRÜNE
"[0.0005647495854645967, 0.8919649124145508, 0.009585565887391567, 0.0006812913925386965, 0.0001932117302203551, 0.09701026231050491]",CDU/CSU,CDU/CSU
"[0.0003792877832893282, 0.4429362416267395, 0.009656442329287529, 0.05164075270295143, 0.015510687604546547, 0.4798766076564789]",CDU/CSU,SPD
"[0.0025361301377415657, 0.01683913543820381, 0.5277010202407837, 0.2146729826927185, 0.026699455454945564, 0.21155129373073578]",GRÜNE,FDP
"[0.00027477514231577516, 0.7105186581611633, 0.004802962299436331, 0.003527095541357994, 0.00022214784985408187, 0.2806543707847595]",CDU/CSU,CDU/CSU
"[0.00016963310190476477, 0.0006154121365398169, 0.04643647000193596, 0.9440635442733765, 0.007088719867169857, 0.0016262046992778778]",GRÜNE,GRÜNE
"[0.0005594585090875626, 0.0015155518194660544, 0.25900882482528687, 0.3763911724090576, 0.0008138346602208912, 0.3617112338542938]",GRÜNE,GRÜNE
"[0.0002954262599814683, 0.9910908937454224, 0.005559155251830816, 0.0009463800815865397, 0.00017068072338588536, 0.0019374291878193617]",CDU/CSU,CDU/CSU
"[0.0834941565990448, 0.2520916759967804, 0.04187594726681709, 0.12650500237941742, 0.001875197747722268, 0.4941580295562744]",GRÜNE,SPD
"[0.0005784098757430911, 0.7028918266296387, 0.1294460892677307, 0.00353253330104053, 0.00022538746998179704, 0.1633257418870926]",CDU/CSU,CDU/CSU
"[0.9984601140022278, 0.0005306294187903404, 0.0004565626732073724, 8.617667481303215e-05, 0.00040991936111822724, 5.6607186706969514e-05]",AfD,AfD
"[0.0010904412483796477, 0.0006524052005261183, 0.0088309021666646, 0.04321855679154396, 0.9386051297187805, 0.007602498400956392]",LINKE,LINKE
"[0.0005177253624424338, 0.03452156484127045, 0.4646979868412018, 0.02503148280084133, 0.0001560270320624113, 0.4750751852989197]",SPD,SPD
"[0.0006243126699700952, 0.36058178544044495, 0.5791098475456238, 0.05307820439338684, 0.0004577365762088448, 0.006148065906018019]",FDP,FDP
"[0.0005488535389304161, 0.7238996028900146, 0.04384707286953926, 0.01398685947060585, 0.001193490345031023, 0.21652421355247498]",CDU/CSU,CDU/CSU
"[0.0007262940634973347, 0.014540933072566986, 0.07945925742387772, 0.5721942782402039, 0.0014032683102414012, 0.3316759765148163]",SPD,GRÜNE
"[0.00043492394615896046, 0.351467102766037, 0.10313078761100769, 0.00084414251614362, 0.00045460861292667687, 0.5436684489250183]",SPD,SPD
"[0.0001014936133287847, 0.22748501598834991, 0.005389262922108173, 0.02641056291759014, 0.0005235439748503268, 0.7400900721549988]",CDU/CSU,SPD
"[0.0006291313329711556, 0.00035632462822832167, 9.280763333663344e-05, 0.000288271316094324, 0.9974841475486755, 0.0011494082864373922]",LINKE,LINKE
"[0.5010360479354858, 0.46799778938293457, 0.02721283957362175, 0.0027485908940434456, 0.0006171990535221994, 0.0003875329566653818]",AfD,AfD
"[0.0030720431823283434, 0.28218260407447815, 0.45552143454551697, 0.010798580013215542, 0.0033445570152252913, 0.245080828666687]",FDP,FDP
"[0.8165396451950073, 0.013968084938824177, 0.020316705107688904, 0.0008626725757494569, 0.1480291783809662, 0.0002836438361555338]",AfD,AfD
"[9.502787725068629e-05, 0.00010028963151853532, 4.852805068367161e-05, 0.0017523262649774551, 0.9976928234100342, 0.0003109833924099803]",LINKE,LINKE
"[0.0005369705613702536, 0.7129541635513306, 0.010062027722597122, 0.006830990314483643, 0.000775991240516305, 0.26883983612060547]",CDU/CSU,CDU/CSU
"[0.007041871082037687, 0.0018750432645902038, 0.4999805688858032, 0.01092265173792839, 0.0021623808424919844, 0.47801750898361206]",SPD,FDP
"[0.00023317855084314942, 0.0010513372253626585, 0.007031504530459642, 0.5432979464530945, 0.44635888934135437, 0.002027128590270877]",GRÜNE,GRÜNE
"[0.0002306301612406969, 0.000488622987177223, 0.00686096353456378, 0.006491302512586117, 0.0001774043485056609, 0.9857510328292847]",SPD,SPD
"[0.9993877410888672, 0.0002640474122017622, 0.00014674938574898988, 3.5198092518839985e-05, 0.00013052159920334816, 3.561299672583118e-05]",AfD,AfD
"[0.0006855714018456638, 0.89290452003479, 0.10420186072587967, 0.0011413843603804708, 0.0004967517452314496, 0.0005699106259271502]",CDU/CSU,CDU/CSU
"[0.0004152403271291405, 9.454183600610122e-05, 0.00013122445670887828, 0.0008510562474839389, 0.9984207153320312, 8.71754891704768e-05]",LINKE,LINKE
"[0.0003559916513040662, 0.00020368963305372745, 0.001299119321629405, 0.005325411446392536, 0.9906875491142273, 0.0021281233057379723]",LINKE,LINKE
"[0.00058425881434232, 0.3546096980571747, 0.5920270085334778, 0.0020642660092562437, 0.0002606824564281851, 0.05045412480831146]",FDP,FDP
"[0.00022571229783352464, 0.000627486442681402, 0.0016874602297320962, 0.9808886647224426, 0.015978937968611717, 0.0005917761009186506]",GRÜNE,GRÜNE
"[0.0009117326699197292, 0.4729817509651184, 0.007431601174175739, 0.009605038911104202, 0.0003718592633958906, 0.508698046207428]",CDU/CSU,SPD
"[0.0006210693973116577, 0.8230583071708679, 0.0677616149187088, 0.002247610129415989, 0.00020461220992729068, 0.10610684007406235]",CDU/CSU,CDU/CSU
"[0.0009615448070690036, 0.0007048797560855746, 0.054632462561130524, 0.389532208442688, 0.001018609618768096, 0.5531503558158875]",SPD,SPD
"[0.0001677433610893786, 0.009071120992302895, 0.01340519916266203, 0.9095529913902283, 0.0001293370733037591, 0.06767359375953674]",GRÜNE,GRÜNE
"[0.0005932623753324151, 0.2664060592651367, 0.5506888031959534, 0.01394549012184143, 0.0016135835321620107, 0.16675280034542084]",SPD,FDP
"[0.0006215007160790265, 0.14908912777900696, 0.015117974020540714, 0.10813257843255997, 0.010446996428072453, 0.7165917754173279]",SPD,SPD
"[0.00012352805060800165, 0.07069133222103119, 0.006983292289078236, 0.02012118510901928, 0.0002741636708378792, 0.9018064737319946]",SPD,SPD
"[0.00033549900399520993, 0.06030937284231186, 0.17848023772239685, 0.34738290309906006, 0.00038689671782776713, 0.4131050705909729]",SPD,SPD
"[0.0006097754230722785, 0.0007956315530464053, 0.02254265360534191, 0.024427911266684532, 0.0013313345843926072, 0.950292706489563]",SPD,SPD
"[0.039492759853601456, 0.1420373171567917, 0.47123637795448303, 0.07105354219675064, 0.27456602454185486, 0.00161399831995368]",GRÜNE,FDP
"[0.0031117466278374195, 0.6822014451026917, 0.20630165934562683, 0.0020231290254741907, 0.0024355477653443813, 0.10392647236585617]",CDU/CSU,CDU/CSU
"[0.0007954383618198335, 0.7185593843460083, 0.23823748528957367, 0.0016428815433755517, 0.0001825988874770701, 0.040582191199064255]",CDU/CSU,CDU/CSU
"[0.0002498668327461928, 0.000794693420175463, 0.009642156772315502, 0.9579947590827942, 0.0005016307113692164, 0.030816948041319847]",GRÜNE,GRÜNE
"[0.08618458360433578, 0.5681859254837036, 0.334378719329834, 0.007958859205245972, 0.0020028171129524708, 0.0012891072547063231]",CDU/CSU,CDU/CSU
"[0.002460215240716934, 0.26588499546051025, 0.10652719438076019, 0.0007428489625453949, 0.43512505292892456, 0.18925972282886505]",FDP,LINKE
"[0.0003701664390973747, 0.003138536587357521, 0.31811797618865967, 0.09848739206790924, 0.0004844501963816583, 0.5794014930725098]",SPD,SPD
"[0.03512491285800934, 0.02723635733127594, 0.3154887855052948, 0.21576979756355286, 0.004024221561849117, 0.4023559093475342]",SPD,SPD
"[0.9733445048332214, 0.0015068704960867763, 0.000948516943026334, 0.0038021705113351345, 0.019733162596821785, 0.0006647631525993347]",AfD,AfD
"[0.00015919092402327806, 0.00020440516527742147, 9.177344327326864e-05, 0.9929002523422241, 0.0014392631128430367, 0.005205176770687103]",GRÜNE,GRÜNE
"[0.0002521992428228259, 0.05181972309947014, 0.0014300259063020349, 0.0346229113638401, 0.00068446877412498, 0.9111906886100769]",SPD,SPD
"[0.00017272637342102826, 0.005592631176114082, 0.9924065470695496, 0.00016099768981803209, 0.00019357915152795613, 0.00147349969483912]",FDP,FDP
"[0.003916627261787653, 0.11521048843860626, 0.1771080493927002, 0.2502990961074829, 0.007513761520385742, 0.4459519386291504]",GRÜNE,SPD
"[0.00023638748098164797, 0.002220205729827285, 0.5315896272659302, 0.18397270143032074, 0.0001972314203158021, 0.2817838788032532]",GRÜNE,FDP
"[0.0003082354087382555, 0.006333163008093834, 0.05607770383358002, 0.5971377491950989, 0.00024795453646220267, 0.3398951292037964]",SPD,GRÜNE
"[0.9989233016967773, 0.000514853629283607, 0.00021499628201127052, 7.173370977398008e-05, 0.00013148605648893863, 0.00014369911514222622]",AfD,AfD
"[0.0006194413872435689, 0.2672373056411743, 0.05854518711566925, 0.0025568336714059114, 0.004061643499881029, 0.6669796109199524]",CDU/CSU,SPD
"[0.6181445717811584, 0.062856525182724, 0.016372153535485268, 0.01304281409829855, 0.08936911076307297, 0.20021480321884155]",AfD,AfD
"[0.00018153137352783233, 0.9645543694496155, 0.0018359837122261524, 0.00021295140322763473, 0.00014013132022228092, 0.033075008541345596]",CDU/CSU,CDU/CSU
"[0.0003589472617022693, 0.10323844105005264, 0.19240450859069824, 0.27749720215797424, 0.009113849140703678, 0.4173870384693146]",GRÜNE,SPD
"[0.0016817260766401887, 0.9577119946479797, 0.004540072754025459, 0.0004208346363157034, 0.00029387910035438836, 0.035351380705833435]",CDU/CSU,CDU/CSU
"[0.0001500096550444141, 0.13581480085849762, 0.017542006447911263, 0.021357791498303413, 0.00021204876247793436, 0.8249232769012451]",SPD,SPD
"[0.00014415651094168425, 0.004039899446070194, 0.018685055896639824, 0.0022272318601608276, 0.0002535023377276957, 0.9746501445770264]",SPD,SPD
"[0.00021401602134574205, 0.15892259776592255, 0.02027983032166958, 0.10139138251543045, 0.053935352712869644, 0.6652567982673645]",GRÜNE,SPD
"[0.0010325327748432755, 0.0004546180134639144, 0.03196469694375992, 0.9151831269264221, 0.0008312854915857315, 0.05053366720676422]",FDP,GRÜNE
"[0.00018165528308600187, 0.0019379961304366589, 0.0004364800697658211, 0.003536097938194871, 0.00013735145330429077, 0.9937704205513]",SPD,SPD
"[0.00014205531624611467, 0.03594300523400307, 0.797332763671875, 0.00555935874581337, 0.0002862179826479405, 0.16073666512966156]",FDP,FDP
"[0.0006825302261859179, 0.3965339660644531, 0.1044786348938942, 0.032114338129758835, 0.0026612132787704468, 0.4635292887687683]",SPD,SPD
"[0.0012581736082211137, 0.14560256898403168, 0.6774439215660095, 0.08561918139457703, 0.001166521105915308, 0.08890967816114426]",FDP,FDP
"[0.00018652965081855655, 0.36406180262565613, 0.031505037099123, 0.006266189273446798, 0.00044993709889240563, 0.5975304841995239]",SPD,SPD
"[0.04454347491264343, 0.002210944192484021, 0.0373288057744503, 0.739651620388031, 0.11159569770097733, 0.06466949731111526]",SPD,GRÜNE
"[0.9989243149757385, 0.00011841576633742079, 0.00019698373216670007, 0.00011483665002742782, 0.000575092330109328, 7.035996532067657e-05]",AfD,AfD
"[0.011073964647948742, 0.32808369398117065, 0.3802122175693512, 0.1837688833475113, 0.03724387288093567, 0.059617336839437485]",CDU/CSU,FDP
"[0.00028983826632611454, 0.0004085379478055984, 8.33243757369928e-05, 0.00023289160162676126, 0.9988327622413635, 0.00015265948604792356]",LINKE,LINKE
"[0.9390356540679932, 0.0035860140342265368, 0.0010048651602119207, 0.003286940511316061, 0.052028149366378784, 0.0010583455441519618]",AfD,AfD
"[0.00031701920670457184, 0.0016732723452150822, 0.00019115849863737822, 0.00048151196097023785, 0.9971666932106018, 0.00017035228665918112]",LINKE,LINKE
"[0.00045451094047166407, 0.005662007723003626, 0.0009908037027344108, 0.6903900504112244, 0.29647761583328247, 0.006024997681379318]",LINKE,GRÜNE
"[0.025308826938271523, 0.015397748909890652, 0.15109387040138245, 0.0368889756500721, 0.05111425742506981, 0.7201962471008301]",LINKE,SPD
"[0.016037141904234886, 0.1028033047914505, 0.8482446670532227, 0.005828154273331165, 0.000347284076269716, 0.026739394292235374]",AfD,FDP
"[0.0002495933440513909, 0.46221446990966797, 0.03034035861492157, 0.03330950438976288, 0.00031048068194650114, 0.4735755920410156]",SPD,SPD
"[0.0079190107062459, 0.0009453291422687471, 0.028853606432676315, 0.014893867075443268, 0.9238443374633789, 0.02354387752711773]",AfD,LINKE
"[0.0006199716008268297, 0.9057098031044006, 0.049183834344148636, 0.040551189333200455, 0.0007999606314115226, 0.0031351714860647917]",CDU/CSU,CDU/CSU
"[0.0003808131441473961, 0.00027284841053187847, 0.0013164307456463575, 0.0006695378688164055, 0.997215747833252, 0.000144558769534342]",LINKE,LINKE
"[0.00022682447161059827, 0.0008393511525355279, 0.03708172217011452, 0.6297630667686462, 0.22865425050258636, 0.10343480110168457]",GRÜNE,GRÜNE
"[0.2459711879491806, 0.028080375865101814, 0.25594961643218994, 0.17745642364025116, 0.008385542780160904, 0.2841568887233734]",AfD,SPD
"[0.0006798913818784058, 0.11440751701593399, 0.8181694149971008, 0.05291217565536499, 0.0010365290800109506, 0.012794478796422482]",FDP,FDP
"[0.00045925204176455736, 0.9918563365936279, 0.0007935164030641317, 0.0028242706321179867, 0.0014781468780711293, 0.002588534727692604]",CDU/CSU,CDU/CSU
"[0.9985756874084473, 0.00047907797852531075, 0.0003926726058125496, 0.00013791301171295345, 0.0002634389093145728, 0.0001511914742877707]",AfD,AfD
"[0.0007419466273859143, 0.0002624904736876488, 0.00011796761100413278, 0.002216125139966607, 0.9959235191345215, 0.0007379722665064037]",LINKE,LINKE
"[0.00038410283741541207, 0.9285597205162048, 0.02636799030005932, 0.04277715086936951, 0.0012441951548680663, 0.0006668377318419516]",CDU/CSU,CDU/CSU
"[0.9991194605827332, 0.0003935759887099266, 0.00017783221846912056, 4.837982123717666e-05, 0.00020912871696054935, 5.160073487786576e-05]",AfD,AfD
"[0.9989079236984253, 0.0005502488929778337, 0.00028901250334456563, 5.7634675613371655e-05, 7.664804434170946e-05, 0.00011853202158818021]",AfD,AfD
"[0.0007462048670277, 0.23171116411685944, 0.7582587003707886, 0.006767314858734608, 0.00036136695416644216, 0.0021552424877882004]",CDU/CSU,FDP
"[0.00036370623274706304, 0.0760616809129715, 0.24844001233577728, 0.16366301476955414, 0.12485893815755844, 0.3866126239299774]",GRÜNE,SPD
"[0.9977250695228577, 0.0009459368884563446, 0.0007148996810428798, 0.00015084560436662287, 0.00024659320479258895, 0.00021663900406565517]",AfD,AfD
"[0.8087623119354248, 0.052094414830207825, 0.1303517371416092, 0.006280431989580393, 0.0020079973619431257, 0.0005031483597122133]",AfD,AfD
"[0.0002553013910073787, 0.06463152170181274, 0.04798316955566406, 0.5822507739067078, 0.005101516842842102, 0.29977768659591675]",GRÜNE,GRÜNE
"[0.8329370617866516, 0.03557480871677399, 0.05307590961456299, 0.012427104637026787, 0.04924624040722847, 0.016738833859562874]",AfD,AfD
"[0.010044673457741737, 0.7990815043449402, 0.18251477181911469, 0.00023281470930669457, 0.0004704143793787807, 0.007655894849449396]",FDP,CDU/CSU
"[0.00017181996372528374, 0.0010189114836975932, 0.0005265820072963834, 0.0014690314419567585, 9.706557466415688e-05, 0.9967166185379028]",SPD,SPD
"[0.00029764542705379426, 0.05220308527350426, 0.4002925157546997, 0.5334640741348267, 0.0016486409585922956, 0.012094039469957352]",FDP,GRÜNE
"[0.0002274203725391999, 0.001296541071496904, 0.002740307943895459, 0.3303851783275604, 0.0005905093275941908, 0.6647600531578064]",SPD,SPD
"[0.0002367268461966887, 0.8731567859649658, 0.02303885668516159, 0.0008502116543240845, 0.00019099579367320985, 0.10252640396356583]",CDU/CSU,CDU/CSU
"[0.0014290751423686743, 0.808724045753479, 0.013641169294714928, 0.01100622396916151, 0.004035521764308214, 0.16116388142108917]",CDU/CSU,CDU/CSU
"[0.0005985476309433579, 0.0006548130186274648, 0.11098632216453552, 0.8712716698646545, 0.0012317431392148137, 0.01525690034031868]",GRÜNE,GRÜNE
"[0.0002131836663465947, 0.22587957978248596, 0.03271116316318512, 0.03925616666674614, 0.004637901671230793, 0.697301983833313]",FDP,SPD
"[0.0011767601827159524, 0.06710276752710342, 0.8559717535972595, 0.048240017145872116, 0.0022647788282483816, 0.025243932381272316]",FDP,FDP
"[0.29790034890174866, 0.1305156648159027, 0.5515467524528503, 0.0059204972349107265, 0.002064065309241414, 0.012052656151354313]",AfD,FDP
"[0.9895756244659424, 0.001336252549663186, 0.0015051316004246473, 0.0013775717234238982, 0.004297351464629173, 0.0019081111531704664]",AfD,AfD
"[0.7762606739997864, 0.021699192002415657, 0.17149561643600464, 0.00805054884403944, 0.02235168032348156, 0.00014234698028303683]",AfD,AfD
"[0.0002319373015780002, 0.0005391057929955423, 0.007142713293433189, 0.041058942675590515, 0.0005176872364245355, 0.9505096673965454]",SPD,SPD
"[0.0003329594328533858, 9.029562352225184e-05, 7.61851915740408e-05, 0.00032659913995303214, 0.9991023540496826, 7.149951125029474e-05]",LINKE,LINKE
"[0.001158422790467739, 0.8461670875549316, 0.01255146786570549, 0.0006364673608914018, 0.0007826479850336909, 0.13870392739772797]",CDU/CSU,CDU/CSU
"[0.0002794487227220088, 0.08638744056224823, 0.015526792965829372, 0.02608397603034973, 0.0010101068764925003, 0.8707122206687927]",SPD,SPD
"[0.9952129125595093, 0.0005377770867198706, 0.003478060010820627, 0.00020698862499557436, 0.00020018267969135195, 0.0003640380746219307]",AfD,AfD
"[0.00043558990000747144, 0.23189614713191986, 0.015065431594848633, 0.0003174419398419559, 0.0007856763550080359, 0.7514997720718384]",CDU/CSU,SPD
"[0.010944829322397709, 0.9684394001960754, 0.014170350506901741, 0.003040936542674899, 0.003050493076443672, 0.0003539887838996947]",CDU/CSU,CDU/CSU
"[0.0002730150008574128, 0.9829816222190857, 0.005679579917341471, 0.00030529164359904826, 0.0003381116839591414, 0.010422460734844208]",CDU/CSU,CDU/CSU
"[0.9994206428527832, 0.00021237974578980356, 0.00012883923773188144, 6.498760194517672e-05, 0.00011108999751741067, 6.19517668383196e-05]",AfD,AfD
"[0.7443460822105408, 0.20009773969650269, 0.0006558001623488963, 0.01417786255478859, 0.02671169303357601, 0.014010866172611713]",AfD,AfD
"[0.00029342027846723795, 0.7546974420547485, 0.0008566421456634998, 0.002569305244833231, 0.0005690786638297141, 0.24101415276527405]",CDU/CSU,CDU/CSU
"[0.0003921622992493212, 0.6877821683883667, 0.23209474980831146, 0.0033862395212054253, 0.00017824841779656708, 0.07616636902093887]",CDU/CSU,CDU/CSU
"[0.0005402152892202139, 0.003981522750109434, 0.033255498856306076, 0.6217858791351318, 0.3393629193305969, 0.0010739531135186553]",GRÜNE,GRÜNE
"[0.0013614416820928454, 0.00015181067283265293, 8.538421388948336e-05, 0.00035339524038136005, 0.9979549050331116, 9.308879089076072e-05]",LINKE,LINKE
"[0.0006178882904350758, 0.6393442749977112, 0.10604170709848404, 0.06555809825658798, 0.0010761929443106055, 0.18736182153224945]",CDU/CSU,CDU/CSU
"[0.9980695247650146, 0.00043962846393696964, 0.0005601849406957626, 0.0001129297015722841, 0.0007021046476438642, 0.00011558130790945143]",AfD,AfD
"[0.00013351603411138058, 0.00634496845304966, 0.008631372824311256, 0.687764585018158, 0.0005689187673851848, 0.29655662178993225]",GRÜNE,GRÜNE
"[0.001259009586647153, 0.8341549038887024, 0.02955370768904686, 0.08588263392448425, 0.0017208621138706803, 0.04742889478802681]",LINKE,CDU/CSU
"[0.0008359195198863745, 0.001477147568948567, 0.003243762766942382, 0.007777583319693804, 0.0003078180307056755, 0.9863578081130981]",SPD,SPD
"[0.0007759571308270097, 0.6267309188842773, 0.0024750232696533203, 0.10116104036569595, 0.0016188283916562796, 0.26723822951316833]",CDU/CSU,CDU/CSU
"[0.003022667020559311, 0.29654645919799805, 0.6897268295288086, 0.004798614885658026, 0.000901747727766633, 0.005003616213798523]",FDP,FDP
"[0.004545394331216812, 0.962458074092865, 0.006489059887826443, 0.004846313502639532, 0.001296567963436246, 0.02036456950008869]",CDU/CSU,CDU/CSU
"[0.9993631839752197, 0.0002508740872144699, 0.00012548940139822662, 5.231265095062554e-05, 0.00012945068010594696, 7.872801506891847e-05]",AfD,AfD
"[0.0017367021646350622, 0.09530429542064667, 0.18449212610721588, 0.17329621315002441, 0.04195420816540718, 0.5032164454460144]",LINKE,SPD
"[0.00017607409972697496, 0.0007323098252527416, 0.010351762175559998, 0.9571043252944946, 0.0005224316264502704, 0.031113117933273315]",GRÜNE,GRÜNE
"[0.009837369434535503, 0.0002901814004871994, 0.0005902033299207687, 0.0012772182235494256, 0.987882137298584, 0.0001228705223184079]",AfD,LINKE
"[0.0023616692051291466, 0.24496011435985565, 0.3938579559326172, 0.17008210718631744, 0.06156613305211067, 0.12717202305793762]",LINKE,FDP
"[0.00024344294797629118, 0.49455201625823975, 0.005869918968528509, 0.00347051746211946, 0.0005696795997209847, 0.495294451713562]",SPD,SPD
"[0.0003265540872234851, 0.5215598940849304, 0.02187453582882881, 0.016002383083105087, 0.0014017469948157668, 0.4388348460197449]",SPD,CDU/CSU
"[0.00029684093897230923, 0.9971233010292053, 0.0015541777247563004, 7.436615851474926e-05, 0.00017997091345023364, 0.0007712931255809963]",CDU/CSU,CDU/CSU
"[0.13840295374393463, 0.8266005516052246, 0.024301549419760704, 0.0008062701672315598, 0.009241790510714054, 0.0006469411309808493]",CDU/CSU,CDU/CSU
"[0.0004984643892385066, 0.7189035415649414, 0.17455749213695526, 0.005924630910158157, 0.0005020987591706216, 0.09961376339197159]",CDU/CSU,CDU/CSU
"[0.9693501591682434, 0.021604787558317184, 0.006084990222007036, 8.616432751296088e-05, 0.002702176570892334, 0.0001716932310955599]",AfD,AfD
"[0.000404086138587445, 0.12867994606494904, 0.1269245594739914, 0.13264013826847076, 0.00036936666583642364, 0.6109818816184998]",SPD,SPD
"[0.013463933952152729, 0.22854983806610107, 0.04307851567864418, 0.23122698068618774, 0.02973051555454731, 0.4539501667022705]",CDU/CSU,SPD
"[0.0002900667313951999, 0.06602232903242111, 0.0071938917972147465, 0.004992304835468531, 0.002020732033997774, 0.9194807410240173]",SPD,SPD
"[0.00018153886776417494, 0.00010776849376270548, 2.4377421141252853e-05, 0.0002861590764950961, 0.9992407560348511, 0.00015934929251670837]",LINKE,LINKE
"[0.5054662227630615, 0.006528838071972132, 0.019148623570799828, 0.23897726833820343, 0.22452762722969055, 0.0053513916209340096]",AfD,AfD
"[0.0008513124193996191, 0.026898831129074097, 0.2532029151916504, 0.2675129175186157, 0.1421251744031906, 0.30940890312194824]",SPD,SPD
"[0.024639936164021492, 0.0008230148814618587, 0.9714223742485046, 0.002197705674916506, 0.00027615949511528015, 0.0006408109329640865]",FDP,FDP
"[0.001453822129406035, 0.19394296407699585, 0.68230801820755, 0.042269300669431686, 0.012794301845133305, 0.06723161786794662]",FDP,FDP
"[0.0003763866552617401, 0.016516776755452156, 0.061981651932001114, 0.7236168384552002, 0.158110111951828, 0.03939829766750336]",GRÜNE,GRÜNE
"[0.0018591070547699928, 0.7755780220031738, 0.023318976163864136, 0.004349453840404749, 0.0009318339871242642, 0.19396260380744934]",CDU/CSU,CDU/CSU
"[0.9990754723548889, 0.00017819332424551249, 0.00036406159051693976, 0.0001043449155986309, 0.0002021351392613724, 7.579792145406827e-05]",AfD,AfD
"[0.0008021268295124173, 0.7907575964927673, 0.06973585486412048, 0.08270701766014099, 0.002277352847158909, 0.05372009798884392]",CDU/CSU,CDU/CSU
"[0.9982867240905762, 0.00039157329592853785, 0.0010463375365361571, 4.7137455112533644e-05, 0.00017300709441769868, 5.5238062486751005e-05]",AfD,AfD
"[0.0006807659519836307, 0.9973002076148987, 0.0007200893014669418, 0.00025614938931539655, 0.000542342895641923, 0.0005004419363103807]",CDU/CSU,CDU/CSU
"[0.0022342908196151257, 0.03909336030483246, 0.046515803784132004, 0.5569911599159241, 0.04042855277657509, 0.31473684310913086]",GRÜNE,GRÜNE
"[0.0002871662436518818, 0.04969685897231102, 0.0025815514381974936, 0.08618975430727005, 0.006283680442720652, 0.8549609780311584]",SPD,SPD
"[0.00047724187606945634, 0.002841423498466611, 0.05208462476730347, 0.32643812894821167, 0.00032701302552595735, 0.6178315877914429]",SPD,SPD
"[0.00030033287475816905, 0.5720770955085754, 0.005029806401580572, 0.0008979418780654669, 0.00020497292280197144, 0.4214899241924286]",CDU/CSU,CDU/CSU
"[0.00015495879051741213, 0.9985458254814148, 0.00040051917312666774, 0.00015156953304540366, 0.00015664641978219151, 0.0005904744612053037]",CDU/CSU,CDU/CSU
"[0.000291933654807508, 0.006263952236622572, 0.9784393906593323, 0.012707709334790707, 0.00057046307483688, 0.0017265327041968703]",GRÜNE,FDP
"[0.00010036306775873527, 0.007375742308795452, 0.04693912714719772, 0.01755564473569393, 0.00014222122263163328, 0.9278869032859802]",SPD,SPD
"[0.4974249601364136, 0.06997623294591904, 0.004037592560052872, 0.1272226870059967, 0.0252517182379961, 0.27608683705329895]",AfD,AfD
"[0.0004904858069494367, 0.1624777764081955, 0.006970551796257496, 0.1821509152650833, 0.0004284316091798246, 0.6474818587303162]",SPD,SPD
"[0.0002428500447422266, 0.000314580334816128, 0.9989867210388184, 0.0001455917372368276, 0.0001164965724456124, 0.00019382676691748202]",FDP,FDP
"[0.0005429069278761744, 0.25671765208244324, 0.015260321088135242, 0.1804814636707306, 0.0011633237591013312, 0.5458343625068665]",SPD,SPD
"[0.0020567872561514378, 0.031311143189668655, 0.9583359360694885, 0.007036881055682898, 0.0010976989287883043, 0.0001616220106370747]",FDP,FDP
"[0.0004008878313470632, 0.0036486026365309954, 0.00025364503380842507, 0.9726301431655884, 0.01749742403626442, 0.005569256376475096]",GRÜNE,GRÜNE
"[0.9994456768035889, 0.0002084374864352867, 0.00012601866910699755, 6.0341160860843956e-05, 9.885003237286583e-05, 6.066630521672778e-05]",AfD,AfD
"[0.0003148083051200956, 0.10117455571889877, 0.038720495998859406, 0.01634909212589264, 0.00019593151228036731, 0.8432451486587524]",SPD,SPD
"[0.0001795451680663973, 0.00046673655742779374, 0.0003810680937021971, 0.0027783638797700405, 0.00015822389104869217, 0.9960360527038574]",SPD,SPD
"[0.10610402375459671, 0.04145099222660065, 0.05423968657851219, 0.10449430346488953, 0.6836072206497192, 0.010103698819875717]",LINKE,LINKE
"[0.00018278748029842973, 0.8603402376174927, 0.007612704765051603, 0.10879136621952057, 0.0004939111531712115, 0.022579021751880646]",CDU/CSU,CDU/CSU
"[0.6527869701385498, 0.011822687461972237, 0.0018033558735623956, 0.004849652759730816, 0.32824188470840454, 0.0004954232135787606]",AfD,AfD
"[0.0007362317410297692, 0.31164488196372986, 0.4790249168872833, 0.016836611554026604, 0.0004040549392811954, 0.19135329127311707]",SPD,FDP
"[0.0010168852750211954, 0.0020358767360448837, 0.21483103930950165, 0.1635766178369522, 0.0003336140653118491, 0.6182059049606323]",SPD,SPD
"[0.0005604838952422142, 0.007746991701424122, 0.4047912657260895, 0.45954301953315735, 0.0005083815776742995, 0.12684985995292664]",GRÜNE,GRÜNE
"[0.0008382908999919891, 0.01169509720057249, 0.9853623509407043, 0.0012620993657037616, 0.0003301531251054257, 0.0005120187415741384]",FDP,FDP
"[0.2922091484069824, 0.308788537979126, 0.24108555912971497, 0.053957100957632065, 0.013651383109390736, 0.0903082937002182]",AfD,CDU/CSU
"[0.9971158504486084, 0.001959933200851083, 0.0007113114115782082, 5.7087068853434175e-05, 7.232723874039948e-05, 8.349918061867356e-05]",AfD,AfD
"[0.00034881039755418897, 0.001451467047445476, 0.47711285948753357, 0.27381521463394165, 0.0006986010121181607, 0.2465730607509613]",FDP,FDP
"[0.004007625859230757, 0.44686031341552734, 0.27413836121559143, 0.15491124987602234, 0.039220649749040604, 0.08086177706718445]",FDP,CDU/CSU
"[0.0009019738063216209, 0.98301100730896, 0.012574861757457256, 0.0014366036048159003, 0.0005997908883728087, 0.0014757722383365035]",CDU/CSU,CDU/CSU
"[0.0005582918529398739, 0.7834147810935974, 0.0061320350505411625, 0.0019388017244637012, 0.0002923846186604351, 0.20766368508338928]",CDU/CSU,CDU/CSU
"[0.04863974452018738, 0.6769092679023743, 0.23229113221168518, 0.022025153040885925, 0.009506135247647762, 0.010628560557961464]",CDU/CSU,CDU/CSU
"[0.00019394172704778612, 0.0005891843466088176, 0.0013835026184096932, 0.0011558088008314371, 0.0005823251558467746, 0.9960952401161194]",SPD,SPD
"[0.002983323996886611, 0.10251589864492416, 0.685093343257904, 0.002035340527072549, 0.20720012485980988, 0.0001720115978969261]",FDP,FDP
"[0.0002444730489514768, 0.023394450545310974, 0.04385101795196533, 0.2915074825286865, 0.0002700720797292888, 0.6407325267791748]",SPD,SPD
"[0.0005589409847743809, 0.8491997718811035, 0.003349910955876112, 0.0482553169131279, 0.0004455118323676288, 0.09819057583808899]",CDU/CSU,CDU/CSU
"[0.0006118487217463553, 0.9481289386749268, 0.00236364733427763, 0.023934073746204376, 0.0006416310206986964, 0.02431986667215824]",CDU/CSU,CDU/CSU
"[0.999147891998291, 0.0005249560927040875, 0.00014888525765854865, 5.1346909458516166e-05, 7.466859096894041e-05, 5.229428279562853e-05]",AfD,AfD
"[0.9939762353897095, 0.0021725897677242756, 0.0032244303729385138, 0.00023187242913991213, 0.00017197673150803894, 0.00022298954718280584]",AfD,AfD
"[0.00036178340087644756, 0.420769065618515, 0.03369007259607315, 0.024498844519257545, 0.0007968839490786195, 0.5198833346366882]",SPD,SPD
"[0.002459301147609949, 0.848452091217041, 0.019495384767651558, 0.0004588676383718848, 0.0020078772213310003, 0.1271265298128128]",CDU/CSU,CDU/CSU
"[0.0019557010382413864, 0.43531477451324463, 0.1843159794807434, 0.019761592149734497, 0.002427843166515231, 0.3562241494655609]",CDU/CSU,CDU/CSU
"[0.00017490284517407417, 0.0020451266318559647, 0.012288608588278294, 0.2453213930130005, 0.0005882319528609514, 0.7395817041397095]",SPD,SPD
"[0.3201233446598053, 0.09784919023513794, 0.504709005355835, 0.06827128678560257, 0.0021898532286286354, 0.006857379339635372]",CDU/CSU,FDP
"[0.00026499645900912583, 0.9978811144828796, 0.0008829777943901718, 0.00019300577696412802, 0.00013985202531330287, 0.0006380561389960349]",CDU/CSU,CDU/CSU
"[0.00019319828425068408, 0.041391775012016296, 0.017769228667020798, 0.5807222127914429, 0.0011505279690027237, 0.35877305269241333]",GRÜNE,GRÜNE
"[0.0001678463158896193, 0.011139796115458012, 0.0004472596338018775, 0.017498105764389038, 0.0011939852265641093, 0.9695530533790588]",SPD,SPD
"[0.00022423858172260225, 0.00017756785382516682, 6.756463699275628e-05, 0.0021511907689273357, 0.9968706369400024, 0.00050872698193416]",LINKE,LINKE
"[0.00043295466457493603, 0.11986400187015533, 0.855445921421051, 0.002482083160430193, 0.015569225884974003, 0.006205822341144085]",FDP,FDP
"[0.0008166087791323662, 0.392947256565094, 0.03954188898205757, 0.24756601452827454, 0.0005931367632001638, 0.31853508949279785]",CDU/CSU,CDU/CSU
"[0.6129886507987976, 0.3847394287586212, 0.0004277582047507167, 0.0003257150237914175, 0.0009351434418931603, 0.0005832979222759604]",AfD,AfD
"[0.00024870922788977623, 0.9308770895004272, 0.003079612273722887, 0.00042932917131111026, 0.00020609673811122775, 0.06515911966562271]",CDU/CSU,CDU/CSU
"[0.00042553976527415216, 0.009140435606241226, 0.04228098690509796, 0.6934570074081421, 0.000509378092829138, 0.25418660044670105]",GRÜNE,GRÜNE
"[0.0036298364866524935, 0.08595898002386093, 0.03402891010046005, 0.3041180968284607, 0.053643595427274704, 0.5186206102371216]",SPD,SPD
"[0.0004336340934969485, 0.004273085854947567, 0.019243363291025162, 0.392459511756897, 0.005322000477463007, 0.5782683491706848]",SPD,SPD
"[0.0013585059205070138, 0.47490382194519043, 0.18983089923858643, 0.03304065763950348, 0.0008902573608793318, 0.29997584223747253]",SPD,CDU/CSU
"[0.999434769153595, 0.00021699767967220396, 0.0001548542350064963, 5.419993249233812e-05, 7.733513484708965e-05, 6.177747854962945e-05]",AfD,AfD
"[0.0009435433894395828, 0.06776972115039825, 0.326038122177124, 0.3130509555339813, 0.0023321029730141163, 0.28986549377441406]",SPD,FDP
"[0.00036973028909415007, 0.9685494303703308, 0.02716427482664585, 0.0010015404550358653, 0.0016901816707104445, 0.001224777428433299]",CDU/CSU,CDU/CSU
"[0.04065173119306564, 0.9019606709480286, 0.0030190639663487673, 0.034419264644384384, 0.0187996793538332, 0.0011495482176542282]",CDU/CSU,CDU/CSU
"[0.04891796410083771, 0.5063878297805786, 0.2482440322637558, 0.14458750188350677, 0.0025730098132044077, 0.04928959906101227]",AfD,CDU/CSU
"[0.0004302635497879237, 0.5692464709281921, 0.41163599491119385, 0.0006590376142412424, 0.0002511550555936992, 0.01777707226574421]",CDU/CSU,CDU/CSU
"[0.01433425210416317, 0.6540591716766357, 0.15599720180034637, 0.005945213139057159, 0.0007361929165199399, 0.16892796754837036]",CDU/CSU,CDU/CSU
"[0.0008001491660252213, 0.22657158970832825, 0.03963320702314377, 0.014146359637379646, 0.0007778003346174955, 0.7180708646774292]",SPD,SPD
"[0.00037794149830006063, 0.6065856218338013, 0.008513092994689941, 0.026564152911305428, 0.008305370807647705, 0.34965381026268005]",SPD,CDU/CSU
"[0.007136702537536621, 0.47150692343711853, 0.3852343261241913, 0.004299830179661512, 0.0015616014134138823, 0.1302606165409088]",FDP,CDU/CSU
"[0.00022805116896051913, 0.9620611667633057, 0.0025269153993576765, 0.0003381255955900997, 0.00010385462519479915, 0.03474187105894089]",CDU/CSU,CDU/CSU
"[0.0013808389194309711, 0.9973506927490234, 0.0006485265912488103, 0.0001553090987727046, 0.00019110876019112766, 0.0002735379384830594]",CDU/CSU,CDU/CSU
"[0.00036425815778784454, 0.002744401106610894, 0.5295344591140747, 0.09074576944112778, 0.0014359861379489303, 0.37517520785331726]",SPD,FDP
"[0.0004899690393358469, 0.07067809253931046, 0.13106772303581238, 0.46649831533432007, 0.0012528069783002138, 0.33001312613487244]",SPD,GRÜNE
"[0.00031546427635475993, 0.2360478937625885, 0.01005696039646864, 0.00813233107328415, 0.00033283099764958024, 0.7451145648956299]",SPD,SPD
"[0.0002125433529727161, 0.009026755578815937, 0.05090855062007904, 0.8528825044631958, 0.07554759085178375, 0.011421998031437397]",GRÜNE,GRÜNE
"[0.0049470216035842896, 0.02945057302713394, 0.9586935043334961, 0.0053380983881652355, 0.0013915782328695059, 0.00017920907703228295]",FDP,FDP
"[0.014626911841332912, 0.3395737111568451, 0.38204970955848694, 0.06163832172751427, 0.0036765243858098984, 0.19843484461307526]",CDU/CSU,FDP
"[0.00893793161958456, 0.12469476461410522, 0.029523395001888275, 0.25486719608306885, 0.22331780195236206, 0.35865890979766846]",LINKE,SPD
"[0.0005314945592544973, 0.6734805703163147, 0.22163039445877075, 0.004349882714450359, 0.0006275607156567276, 0.09938003867864609]",CDU/CSU,CDU/CSU
"[0.001425039954483509, 0.001507470617070794, 0.0036668647080659866, 0.7769815921783447, 0.21415361762046814, 0.0022655269131064415]",LINKE,GRÜNE
"[0.0017070552567020059, 0.5538783073425293, 0.12541012465953827, 0.08956600725650787, 0.0006776109803467989, 0.22876092791557312]",CDU/CSU,CDU/CSU
"[0.00022399189765565097, 0.0009645260870456696, 0.00019775901455432177, 0.0008050799951888621, 0.0005700486362911761, 0.9972386360168457]",SPD,SPD
"[0.004059482831507921, 0.5245168805122375, 0.4018629491329193, 0.0015385880833491683, 0.0005099533591419458, 0.06751210242509842]",CDU/CSU,CDU/CSU
"[0.0005027454462833703, 0.8443716168403625, 0.07828293740749359, 0.01525388564914465, 0.0026808155234903097, 0.05890800058841705]",CDU/CSU,CDU/CSU
"[0.0011298813624307513, 0.12467694282531738, 0.03770999237895012, 0.4611998498439789, 0.0381917878985405, 0.33709168434143066]",SPD,GRÜNE
"[0.0001659621048020199, 0.6692158579826355, 0.32209858298301697, 0.005188991781324148, 0.0001837749732658267, 0.003146898001432419]",CDU/CSU,CDU/CSU
"[8.98461730685085e-05, 0.020179318264126778, 0.0013793163234367967, 0.004472499713301659, 0.00038719968870282173, 0.9734918475151062]",SPD,SPD
"[0.0008695769356563687, 0.6123209595680237, 0.019898539409041405, 0.005536451004445553, 0.004326381720602512, 0.3570480942726135]",SPD,CDU/CSU
"[0.0012317536165937781, 0.006782905664294958, 0.001737575395964086, 0.006851170677691698, 0.9825239181518555, 0.0008726532687433064]",LINKE,LINKE
"[0.0010823836782947183, 0.8150312304496765, 0.020864807069301605, 0.0033854953944683075, 0.0007927704136818647, 0.15884335339069366]",CDU/CSU,CDU/CSU
"[0.9991719722747803, 0.00037700310349464417, 0.00017188431229442358, 0.00010442893108120188, 8.071793126873672e-05, 9.395791130373254e-05]",AfD,AfD
"[0.9991945624351501, 0.00015191768761724234, 0.00013529980788007379, 0.00010736653348430991, 0.0003335224755574018, 7.737633131910115e-05]",AfD,AfD
"[0.0006044205510988832, 0.9926689863204956, 0.005880081094801426, 0.0001449230476282537, 0.00040299753891304135, 0.00029851519502699375]",CDU/CSU,CDU/CSU
"[0.0002366591215832159, 0.026503100991249084, 0.8535706996917725, 0.022259721532464027, 0.00018860618001781404, 0.09724120795726776]",FDP,FDP
"[0.00030838101520203054, 0.012424607761204243, 0.5507875084877014, 0.13142083585262299, 0.0002722143253777176, 0.30478644371032715]",SPD,FDP
"[0.0008477935334667563, 0.9720309376716614, 0.002986007370054722, 0.01938953623175621, 0.0015854655066505075, 0.003160241059958935]",GRÜNE,CDU/CSU
"[0.00023394559684675187, 0.004020045977085829, 0.012650403194129467, 0.3017647862434387, 0.00019239855464547873, 0.6811384558677673]",SPD,SPD
"[0.8499204516410828, 0.04731075093150139, 0.06774268299341202, 0.017332514747977257, 0.0009506773203611374, 0.016742927953600883]",AfD,AfD
"[0.20134517550468445, 0.0039761485531926155, 0.004213663749396801, 0.13298214972019196, 0.6504754424095154, 0.00700744753703475]",LINKE,LINKE
"[0.0005904482677578926, 0.06785739213228226, 0.09809869527816772, 0.4662396013736725, 0.0007404342177323997, 0.36647334694862366]",GRÜNE,GRÜNE
"[0.0003722516994457692, 0.9572368264198303, 0.01631251536309719, 0.0006245720433071256, 0.00016275804955512285, 0.025290945544838905]",CDU/CSU,CDU/CSU
"[0.00021024688612669706, 0.6188450455665588, 0.2363884001970291, 0.0018550263484939933, 0.00019603135297074914, 0.14250525832176208]",CDU/CSU,CDU/CSU
"[0.0003882935270667076, 0.6124787330627441, 0.06528381258249283, 0.15523046255111694, 0.00387126044370234, 0.16274745762348175]",CDU/CSU,CDU/CSU
"[0.9985297918319702, 0.0007252669893205166, 0.0005602319142781198, 5.2903829782735556e-05, 5.654104461427778e-05, 7.531125447712839e-05]",AfD,AfD
"[0.0003634776221588254, 0.0019094888120889664, 0.133958101272583, 0.4440861642360687, 0.0011258824961259961, 0.41855689883232117]",GRÜNE,GRÜNE
"[0.0002860153326764703, 0.005953274667263031, 0.0005845949053764343, 0.990969717502594, 0.0015723402611911297, 0.0006340441759675741]",GRÜNE,GRÜNE
"[0.0004289087373763323, 0.6114675998687744, 0.08534214645624161, 0.010603208094835281, 0.0006334529025480151, 0.29152464866638184]",SPD,CDU/CSU
"[0.0023940904065966606, 0.5935225486755371, 0.21658636629581451, 0.006052864715456963, 0.0012690305011346936, 0.18017517030239105]",CDU/CSU,CDU/CSU
"[0.0004928443231619895, 0.07652585953474045, 0.08775053173303604, 0.0034095507580786943, 0.0001618388923816383, 0.8316594958305359]",SPD,SPD
"[0.0003090431564487517, 0.0006987004308030009, 0.5254377126693726, 0.30297136306762695, 0.00023567699827253819, 0.17034754157066345]",SPD,FDP
"[0.0006603528163395822, 0.269212007522583, 0.23903270065784454, 0.055120743811130524, 0.001196209923364222, 0.43477797508239746]",SPD,SPD
"[0.0013672313652932644, 0.36763718724250793, 0.07104138284921646, 0.43679603934288025, 0.0010621327674016356, 0.12209603190422058]",GRÜNE,GRÜNE
"[0.0008613856043666601, 0.10836180299520493, 0.008811961859464645, 0.20956753194332123, 0.004728156607598066, 0.6676691770553589]",SPD,SPD
"[0.9991008043289185, 0.0001462699583498761, 0.0003849112836178392, 8.090174378594384e-05, 0.0001755557459546253, 0.00011163508315803483]",AfD,AfD
"[0.0005649385275319219, 0.4214344322681427, 0.48865681886672974, 0.0012402613647282124, 0.0006738491356372833, 0.08742969483137131]",FDP,FDP
"[0.9938216209411621, 0.003259309334680438, 0.0010334154358133674, 0.0004113373870495707, 0.0004889862611889839, 0.0009853417286649346]",AfD,AfD
"[0.0001569789310451597, 0.00011833521421067417, 3.4402357414364815e-05, 0.00043936597649008036, 0.9989226460456848, 0.00032825168455019593]",LINKE,LINKE
"[0.00017454770568292588, 0.03295329585671425, 0.0005007711588405073, 0.003060453338548541, 0.0006648153648711741, 0.9626461863517761]",SPD,SPD
"[0.00039269294939003885, 0.00641107140108943, 0.0008173431851901114, 0.009384887292981148, 0.021021798253059387, 0.9619722366333008]",SPD,SPD
"[0.0023926172871142626, 0.4355950951576233, 0.46395474672317505, 0.012755072675645351, 0.00369249633513391, 0.08160994946956635]",FDP,FDP
"[0.943868100643158, 0.047217365354299545, 0.004927293863147497, 0.00012028471246594563, 0.003598018316552043, 0.0002689410175662488]",AfD,AfD
"[0.2661289870738983, 0.32779550552368164, 0.042716916650533676, 0.021547073498368263, 0.27752646803855896, 0.06428501754999161]",CDU/CSU,CDU/CSU
"[0.00012299731315579265, 0.0005623869365081191, 0.0004405335057526827, 0.0035722481552511454, 0.9941597580909729, 0.0011420698137953877]",LINKE,LINKE
"[0.001701816450804472, 0.5920408964157104, 0.04424989968538284, 0.004123364109545946, 0.0005977725959382951, 0.35728633403778076]",SPD,CDU/CSU
"[0.9980083703994751, 0.001266153180040419, 0.000401125755161047, 4.775166598847136e-05, 0.00016998848877847195, 0.00010663692955859005]",AfD,AfD
"[0.0004682127619162202, 0.7310411334037781, 0.12237438559532166, 0.005898574832826853, 0.0009438788401894271, 0.1392737776041031]",CDU/CSU,CDU/CSU
"[0.00036070699570700526, 0.05379290133714676, 0.81232088804245, 0.12906335294246674, 0.0006223891978152096, 0.003839782439172268]",FDP,FDP
"[0.0004787237849086523, 0.12480299174785614, 0.0020071009639650583, 0.005268809385597706, 0.0009083747281692922, 0.8665339946746826]",SPD,SPD
"[0.0002698732423596084, 0.4935935437679291, 0.00041293425601907074, 0.0020927260629832745, 0.0004463159420993179, 0.5031847357749939]",SPD,SPD
"[0.0010464689694344997, 0.0003961134352721274, 0.0029908395372331142, 0.2916514277458191, 0.7036277651786804, 0.0002873882476706058]",GRÜNE,LINKE
"[0.019980987533926964, 0.21930934488773346, 0.6802843809127808, 0.0009217206388711929, 0.0013141022063791752, 0.07818946987390518]",CDU/CSU,FDP
"[0.0011046732543036342, 0.24465599656105042, 0.10610279440879822, 0.04350529983639717, 0.0015573672717437148, 0.6030738353729248]",SPD,SPD
"[0.0006872296216897666, 0.27119672298431396, 0.047445040196180344, 0.009235044941306114, 0.0006490848609246314, 0.6707868576049805]",SPD,SPD
"[0.0004697807307820767, 0.0011799500789493322, 0.0006297981599345803, 0.6664311289787292, 0.31989648938179016, 0.011392866261303425]",LINKE,GRÜNE
"[0.009453664533793926, 0.31503063440322876, 0.6514549255371094, 0.0036998363211750984, 0.00287572736851871, 0.017485201358795166]",CDU/CSU,FDP
"[0.0026640770956873894, 0.151112362742424, 0.5721272230148315, 0.14168094098567963, 0.031262487173080444, 0.10115291178226471]",CDU/CSU,FDP
"[0.9993202090263367, 0.00021399304387159646, 0.0002399957738816738, 5.8279103541281074e-05, 0.0001168881353805773, 5.0663518777582794e-05]",AfD,AfD
"[0.0005790598224848509, 0.9029186964035034, 0.002448017243295908, 0.0001781244936864823, 0.0005255879368633032, 0.09335054457187653]",CDU/CSU,CDU/CSU
"[0.0004317525017540902, 0.03441831097006798, 0.012686786241829395, 0.21624960005283356, 0.0033406689763069153, 0.7328727841377258]",SPD,SPD
"[0.00028406281489878893, 0.7121133208274841, 0.039868541061878204, 0.011164804920554161, 0.0005112029029987752, 0.2360580861568451]",CDU/CSU,CDU/CSU
"[0.00028527851100079715, 0.002260456793010235, 0.0010790713131427765, 0.013644956052303314, 0.00017397233750671148, 0.9825562834739685]",SPD,SPD
"[0.0004240763664711267, 0.1295330822467804, 0.022097349166870117, 0.8058850169181824, 0.004441789351403713, 0.037618666887283325]",GRÜNE,GRÜNE
"[0.9992220401763916, 0.00027541714371182024, 0.00027514176326803863, 5.2471295930445194e-05, 8.511371561326087e-05, 8.979963604360819e-05]",AfD,AfD
"[0.00033358787186443806, 0.4373891055583954, 0.3379845917224884, 0.002486183075234294, 0.00016207068983931094, 0.22164447605609894]",FDP,CDU/CSU
"[0.0003906823112629354, 0.9861797094345093, 0.007978595793247223, 0.0008930419571697712, 0.00036195904249325395, 0.004196046851575375]",CDU/CSU,CDU/CSU
"[0.0009323499980382621, 0.3347603976726532, 0.4410514533519745, 0.026856588199734688, 0.0008296509622596204, 0.19556958973407745]",CDU/CSU,FDP
"[0.0008132089278660715, 0.0002137498522643, 4.835058643948287e-05, 0.001791454153135419, 0.9965673685073853, 0.0005659123416990042]",LINKE,LINKE
"[0.0009920229203999043, 0.8349191546440125, 0.11306051164865494, 0.03355806693434715, 0.0010542311938479543, 0.016416026279330254]",CDU/CSU,CDU/CSU
"[0.00047072034794837236, 0.06925050169229507, 0.031787410378456116, 0.7471818923950195, 0.0004479432536754757, 0.15086154639720917]",GRÜNE,GRÜNE
"[0.9988260269165039, 0.0005698971217498183, 0.0003737923689186573, 7.078277121763676e-05, 5.963301737210713e-05, 9.99209369183518e-05]",AfD,AfD
"[0.0002763541415333748, 0.26422014832496643, 0.004148120526224375, 0.005226295907050371, 0.00038924749242141843, 0.7257398366928101]",SPD,SPD
"[0.0001466987596359104, 0.0007125141564756632, 0.00020998410764150321, 0.9749335646629333, 0.009355834685266018, 0.01464146189391613]",GRÜNE,GRÜNE
"[0.9987109303474426, 0.0007238381658680737, 0.0002756143221631646, 6.153105641715229e-05, 9.732538455864415e-05, 0.0001307914062635973]",AfD,AfD
"[0.013458277098834515, 0.32542797923088074, 0.005902497563511133, 0.4396251440048218, 0.022210629656910896, 0.1933753937482834]",AfD,GRÜNE
"[0.00023882433015387505, 0.9981722831726074, 0.000711110420525074, 0.00015775649808347225, 0.0003660028160084039, 0.00035400508204475045]",CDU/CSU,CDU/CSU
"[0.9968260526657104, 0.0005972941871732473, 0.0007375597488135099, 0.0002171722735511139, 0.0013589004520326853, 0.00026298503507860005]",AfD,AfD
"[0.0002922547282651067, 0.8058322668075562, 0.010608681477606297, 0.004254183731973171, 0.0002063908614218235, 0.17880631983280182]",CDU/CSU,CDU/CSU
"[0.00020246929489076138, 0.0001831522531574592, 8.129338675644249e-05, 0.0031647696159780025, 0.9957172870635986, 0.0006510913954116404]",LINKE,LINKE
"[0.0003269620065111667, 0.8334912061691284, 0.15410104393959045, 0.004240325652062893, 0.0006571392295882106, 0.007183434441685677]",CDU/CSU,CDU/CSU
"[0.003829711815342307, 0.395233154296875, 0.49905702471733093, 0.004256475251168013, 0.0009753734339028597, 0.09664823859930038]",FDP,FDP
"[0.0001819980825530365, 0.9911026954650879, 0.0018224796513095498, 0.00017725191719364375, 8.6570878920611e-05, 0.006629056762903929]",CDU/CSU,CDU/CSU
"[0.00038097993819974363, 0.188825324177742, 0.042465437203645706, 0.0072313398122787476, 0.0005896453512832522, 0.7605072855949402]",SPD,SPD
"[0.001714589074254036, 0.25690484046936035, 0.35521841049194336, 0.004860363435000181, 0.008264030329883099, 0.37303778529167175]",CDU/CSU,SPD
"[0.000559607520699501, 0.988275408744812, 0.000523886235896498, 0.0007417003507725894, 0.0035495590418577194, 0.006349870469421148]",CDU/CSU,CDU/CSU
"[0.00033537918352521956, 0.06384957581758499, 0.8385927677154541, 0.023800665512681007, 0.000360512756742537, 0.07306106388568878]",CDU/CSU,FDP
"[0.0007880919147282839, 0.19310824573040009, 0.1443394124507904, 0.2225424200296402, 0.0037172860465943813, 0.4355045258998871]",SPD,SPD
"[0.0007731160148978233, 0.28785789012908936, 0.027932140976190567, 0.05889444798231125, 0.0008160393917933106, 0.6237263679504395]",SPD,SPD
"[0.0004184897697996348, 0.005400548689067364, 0.013292165473103523, 0.7578173875808716, 0.007867684587836266, 0.21520376205444336]",GRÜNE,GRÜNE
"[0.0005258223391138017, 0.3570154309272766, 0.07717573642730713, 0.20010226964950562, 0.07515904307365417, 0.2900216579437256]",CDU/CSU,CDU/CSU
"[0.6652200818061829, 0.231332466006279, 0.002175678964704275, 0.0020201094448566437, 0.0875585526227951, 0.011693088337779045]",AfD,AfD
"[0.00041972618782892823, 0.05884452164173126, 0.008155042305588722, 0.08418542146682739, 0.00023352056450676173, 0.8481618165969849]",SPD,SPD
"[0.0012561579933390021, 0.4081409275531769, 0.0018587693339213729, 0.04865003749728203, 0.004389147274196148, 0.5357049107551575]",SPD,SPD
"[0.00042900023981928825, 0.18461020290851593, 0.04360620304942131, 0.06228519603610039, 0.0019662249833345413, 0.7071031928062439]",SPD,SPD
"[0.033338312059640884, 0.4748156666755676, 0.1290820837020874, 0.02325405925512314, 0.019881922751665115, 0.31962788105010986]",LINKE,CDU/CSU
"[0.00113490573130548, 0.048530928790569305, 0.0007410256075672805, 0.3588988780975342, 0.5496811270713806, 0.04101312905550003]",LINKE,LINKE
"[0.005327897146344185, 0.9857759475708008, 0.004445523954927921, 0.00039431816549040377, 0.0015429964987561107, 0.002513353480026126]",CDU/CSU,CDU/CSU
"[0.0002492520143277943, 0.08425574749708176, 0.1655476987361908, 0.10326209664344788, 0.0005809224094264209, 0.6461042165756226]",SPD,SPD
"[0.0004254999803379178, 0.7710058689117432, 0.030588865280151367, 0.006638416089117527, 0.00034326015156693757, 0.19099804759025574]",CDU/CSU,CDU/CSU
"[0.7953938245773315, 0.0027435445226728916, 0.0007429129327647388, 0.000284268258837983, 0.20060837268829346, 0.00022712620557285845]",AfD,AfD
"[0.00016437536396551877, 0.00035157185629941523, 0.008534546941518784, 0.027095165103673935, 0.0003236623015254736, 0.9635306596755981]",SPD,SPD
"[0.00017272004333790392, 0.0033381525427103043, 0.00032258109422400594, 0.9286337494850159, 0.0018529727822169662, 0.06567982584238052]",GRÜNE,GRÜNE
"[0.00038605916779488325, 0.6162208318710327, 0.004163731820881367, 0.001518539385870099, 0.0006909173098392785, 0.37701982259750366]",CDU/CSU,CDU/CSU
"[0.999077320098877, 0.0005986097385175526, 0.00011010971502400935, 5.714399230782874e-05, 9.085442434297875e-05, 6.596984894713387e-05]",AfD,AfD
"[0.0005618918221443892, 0.0009621052886359394, 0.024389779195189476, 0.9262076020240784, 0.00033518020063638687, 0.047543466091156006]",GRÜNE,GRÜNE
"[0.00018711872689891607, 0.6923949122428894, 0.0025842536706477404, 0.0043002646416425705, 0.000245574425207451, 0.3002878725528717]",CDU/CSU,CDU/CSU
"[0.004735655151307583, 0.04742360860109329, 0.059660401195287704, 0.08579134196043015, 0.1711174100637436, 0.6312715411186218]",LINKE,SPD
"[0.0003923290059901774, 0.002104967599734664, 0.9195817708969116, 0.005024998914450407, 0.0001837987219914794, 0.07271211594343185]",FDP,FDP
"[0.9773503541946411, 0.004546674434095621, 0.016290100291371346, 0.00031459415913559496, 0.0007619844400323927, 0.0007362989126704633]",AfD,AfD
"[0.00024405933800153434, 0.3321823477745056, 0.04642089456319809, 0.04511372372508049, 0.0002684083010535687, 0.5757705569267273]",SPD,SPD
"[0.03740013763308525, 0.36883655190467834, 0.006470838095992804, 0.0010103867389261723, 0.5769469738006592, 0.009335078299045563]",CDU/CSU,LINKE
"[0.0002129600616171956, 0.022188080474734306, 0.0011863616527989507, 0.05828342214226723, 0.0002860527310986072, 0.9178431630134583]",SPD,SPD
"[0.00036669743712991476, 0.7867876887321472, 0.005346351768821478, 0.0023916771169751883, 0.0003941409813705832, 0.20471346378326416]",CDU/CSU,CDU/CSU
"[0.0002378277131356299, 0.9724843502044678, 0.017090028151869774, 0.005583747290074825, 0.00012598057219292969, 0.004478037357330322]",CDU/CSU,CDU/CSU
"[0.00044874666491523385, 0.0006170818232931197, 0.005275873467326164, 0.5849233865737915, 0.0002718989853747189, 0.4084630012512207]",GRÜNE,GRÜNE
"[0.00025466669467277825, 0.029137127101421356, 0.42461445927619934, 0.020821627229452133, 0.0002792312006931752, 0.5248928666114807]",SPD,SPD
"[0.10530640929937363, 0.5357424020767212, 0.16246873140335083, 0.07544402778148651, 0.025965232402086258, 0.09507313370704651]",GRÜNE,CDU/CSU
"[0.003367805387824774, 0.07182503491640091, 0.05319597199559212, 0.3899148106575012, 0.0018646150128915906, 0.4798317551612854]",GRÜNE,SPD
"[0.0016936209285631776, 0.1545974314212799, 0.5555196404457092, 0.06699994951486588, 0.005754136946052313, 0.21543516218662262]",SPD,FDP
"[0.0021141753531992435, 0.2812820076942444, 0.6717147827148438, 0.03343353793025017, 0.0020690858364105225, 0.009386338293552399]",FDP,FDP
"[0.0007197571103461087, 0.04295637831091881, 0.09466161578893661, 0.3957017660140991, 0.0005118359695188701, 0.46544861793518066]",SPD,SPD
"[0.0005812667077407241, 0.2851612865924835, 0.3033989369869232, 0.022357923910021782, 0.0006216267356649041, 0.3878789246082306]",SPD,SPD
"[0.00040297809755429626, 0.000568997988011688, 0.001592692220583558, 0.5195907950401306, 0.47636961936950684, 0.0014749100664630532]",LINKE,GRÜNE
"[0.00029675234691239893, 0.0007189175812527537, 0.0035350800026208162, 0.9533620476722717, 0.00028133386513218284, 0.04180582985281944]",GRÜNE,GRÜNE
"[0.0003113810671493411, 0.0011250353418290615, 0.07028622925281525, 0.06467555463314056, 0.007403211668133736, 0.8561986088752747]",SPD,SPD
"[0.0010872787097468972, 0.001794822164811194, 0.13086725771427155, 0.6784173846244812, 0.0014375392347574234, 0.18639574944972992]",GRÜNE,GRÜNE
"[0.002813138533383608, 0.7338289618492126, 0.02745048888027668, 0.004004181362688541, 0.0026020335499197245, 0.22930124402046204]",CDU/CSU,CDU/CSU
"[0.5218275785446167, 0.27597323060035706, 0.03673006221652031, 0.11904660612344742, 0.03721803054213524, 0.009204505011439323]",AfD,AfD
"[0.0007498894701711833, 0.12255413830280304, 0.8178941011428833, 0.05231974273920059, 0.0021997569128870964, 0.004282382316887379]",FDP,FDP
"[0.0034928389359265566, 0.9895143508911133, 0.0009608332184143364, 0.0005872596520930529, 0.004619716200977564, 0.0008249929524026811]",CDU/CSU,CDU/CSU
"[0.0006089726812206209, 0.06861960887908936, 0.18066294491291046, 0.3437173068523407, 0.00047631029156036675, 0.40591487288475037]",FDP,SPD
"[0.0002925042062997818, 0.8524763584136963, 0.12737515568733215, 0.0003762704727705568, 0.00014167380868457258, 0.019338060170412064]",CDU/CSU,CDU/CSU
"[0.00047181567060761154, 0.4425181448459625, 0.11212578415870667, 0.21945445239543915, 0.00032614299561828375, 0.22510360181331635]",SPD,CDU/CSU
"[0.0019495560554787517, 0.6601138710975647, 0.25723227858543396, 0.006088814232498407, 0.000887822185177356, 0.07372769713401794]",CDU/CSU,CDU/CSU
"[0.0004086235130671412, 0.11098850518465042, 0.027991056442260742, 0.004787679761648178, 0.0013634484494104981, 0.8544607162475586]",SPD,SPD
"[0.004054751712828875, 0.03744031488895416, 0.4163616895675659, 0.15678532421588898, 0.019866226240992546, 0.365491658449173]",GRÜNE,FDP
"[0.00063372275326401, 0.013448435813188553, 0.0005229153321124613, 0.057247623801231384, 0.6246737241744995, 0.303473562002182]",LINKE,LINKE
"[0.00014923322305548936, 0.9770320653915405, 0.0020079391542822123, 0.00020529015455394983, 0.00011617828567977995, 0.020489342510700226]",CDU/CSU,CDU/CSU
"[0.0006201324868015945, 0.0034087132662534714, 0.00019554611935745925, 0.0006806559395045042, 0.9947983622550964, 0.0002965368330478668]",LINKE,LINKE
"[0.9994316101074219, 0.00019182288087904453, 0.0001091099766199477, 4.4929540308658034e-05, 0.00017692041001282632, 4.561230889521539e-05]",AfD,AfD
"[0.0004286749754101038, 0.43185368180274963, 0.5370379090309143, 0.0039322818629443645, 0.00023781014897394925, 0.02650967799127102]",FDP,FDP
"[0.0005212745163589716, 0.6823678016662598, 0.01549355685710907, 0.2889295816421509, 0.006723243743181229, 0.0059644365683197975]",CDU/CSU,CDU/CSU
"[0.9991757273674011, 0.0002521198766771704, 0.00013512757141143084, 7.563867984572425e-05, 0.0003011018561664969, 6.026896880939603e-05]",AfD,AfD
"[0.00031111075077205896, 0.05909912660717964, 0.005882451310753822, 0.07512826472520828, 0.0051520452834665775, 0.8544269800186157]",GRÜNE,SPD
"[8.445302955806255e-05, 0.010248670354485512, 0.0012273183092474937, 0.9747492074966431, 0.002799957524985075, 0.010890444740653038]",GRÜNE,GRÜNE
"[0.00029962827102281153, 0.6025490760803223, 0.07516228407621384, 0.008943810127675533, 0.004571605008095503, 0.3084736764431]",CDU/CSU,CDU/CSU
"[0.005309120286256075, 0.9904621243476868, 0.0031272461637854576, 0.00013456995657179505, 0.00028825970366597176, 0.0006786386366002262]",CDU/CSU,CDU/CSU
"[0.0006514781271107495, 0.18965190649032593, 0.07851097732782364, 0.40956148505210876, 0.00031346158357337117, 0.3213106691837311]",GRÜNE,GRÜNE
"[0.00023247530043590814, 0.02503361739218235, 0.1566043645143509, 0.08340942114591599, 0.0007051075808703899, 0.7340150475502014]",SPD,SPD
"[0.0017224721377715468, 0.004561333917081356, 0.20049677789211273, 0.7896894216537476, 0.0025398905854672194, 0.0009900860022753477]",GRÜNE,GRÜNE
"[0.0001858066243585199, 0.005456943064928055, 0.0016091512516140938, 0.10886305570602417, 0.0002705029328353703, 0.8836145401000977]",SPD,SPD
"[0.9474503397941589, 0.004290115088224411, 0.019871223717927933, 0.011408298276364803, 0.0020644590258598328, 0.014915594831109047]",AfD,AfD
"[0.00032320484751835465, 0.36326736211776733, 0.010311778634786606, 0.011491181328892708, 0.0003213190648239106, 0.6142851114273071]",SPD,SPD
"[0.0004021362401545048, 0.34591245651245117, 0.012064668349921703, 0.0022833573166280985, 0.0009559933096170425, 0.6383814215660095]",SPD,SPD
"[0.25973814725875854, 0.595494270324707, 0.016195205971598625, 0.010846605524420738, 0.11288054287433624, 0.004845236893743277]",CDU/CSU,CDU/CSU
"[0.0003662254603113979, 0.0016127097187563777, 0.08401881903409958, 0.8910218477249146, 0.00021195504814386368, 0.022768471390008926]",GRÜNE,GRÜNE
"[0.00013521077926270664, 0.09741231054067612, 0.02721647173166275, 0.21723417937755585, 0.0010423760395497084, 0.6569594144821167]",GRÜNE,SPD
"[0.00019339508435223252, 0.05063238739967346, 0.0014762753853574395, 0.023705100640654564, 0.0001680225832387805, 0.9238247871398926]",SPD,SPD
"[0.012373249046504498, 0.2811852991580963, 0.5960259437561035, 0.042085085064172745, 0.020216094329953194, 0.04811437055468559]",FDP,FDP
"[0.000505713454913348, 0.619733452796936, 0.030376382172107697, 0.002028506947681308, 0.000591257878113538, 0.3467646837234497]",SPD,CDU/CSU
"[0.0001733762474032119, 0.0006086986977607012, 0.007595029193907976, 0.9865294694900513, 0.003830926725640893, 0.0012624576920643449]",GRÜNE,GRÜNE
"[0.000174677959876135, 0.0005097903776913881, 0.005297452211380005, 0.9817072153091431, 0.00013721671712119132, 0.012173588387668133]",GRÜNE,GRÜNE
"[0.000369908259017393, 0.21224667131900787, 0.025884905830025673, 0.035334549844264984, 0.000311271840473637, 0.7258526682853699]",SPD,SPD
"[0.00044107058783993125, 0.03078286722302437, 0.02175489254295826, 0.13934433460235596, 0.00036491049104370177, 0.8073118925094604]",SPD,SPD
"[0.0009442507289350033, 0.16193659603595734, 0.057517413049936295, 0.3793840706348419, 0.3829152286052704, 0.017302431166172028]",GRÜNE,LINKE
"[0.00033037291723303497, 0.8578974008560181, 0.035596758127212524, 0.019558006897568703, 0.00037964078364893794, 0.08623775839805603]",CDU/CSU,CDU/CSU
"[0.00012054962280672044, 0.009441793896257877, 0.002337658777832985, 0.06493382155895233, 0.00013265669986139983, 0.9230335354804993]",SPD,SPD
"[0.7660782337188721, 0.032074518501758575, 0.19962753355503082, 0.0004978259676136076, 0.0005085900775156915, 0.0012132886331528425]",AfD,AfD
"[0.00020402198424562812, 0.1237679123878479, 0.025792686268687248, 0.6627663969993591, 0.0007645314908586442, 0.18670444190502167]",GRÜNE,GRÜNE
"[0.0005922947893850505, 0.059534650295972824, 0.7131382822990417, 0.08293288201093674, 0.0008105835877358913, 0.1429913192987442]",FDP,FDP
"[0.00014428298163693398, 0.9805855751037598, 0.0014390964061021805, 0.0007246038876473904, 0.00017020577797666192, 0.01693626306951046]",CDU/CSU,CDU/CSU
"[0.0004767139325849712, 0.028875228017568588, 0.11615757644176483, 0.1888878047466278, 0.00533698033541441, 0.6602656245231628]",SPD,SPD
"[0.0003622182703111321, 0.9181544780731201, 0.07710924744606018, 0.001433200784958899, 0.0012575284345075488, 0.0016833195695653558]",CDU/CSU,CDU/CSU
"[0.0010347443167120218, 0.04521813243627548, 0.006488892715424299, 0.8157241940498352, 0.012980540283024311, 0.11855361610651016]",GRÜNE,GRÜNE
"[0.00046339479740709066, 0.7620249390602112, 0.17383868992328644, 0.06073017045855522, 0.0019823184702545404, 0.0009604697697795928]",CDU/CSU,CDU/CSU
"[0.0005937251262366772, 0.9489229917526245, 0.047514356672763824, 0.0022621951065957546, 0.00027032772777602077, 0.0004364477936178446]",CDU/CSU,CDU/CSU
"[0.0009655231842771173, 0.7045777440071106, 0.05353030189871788, 0.008343151770532131, 0.003950326703488827, 0.22863297164440155]",CDU/CSU,CDU/CSU
"[0.0011752031277865171, 0.000223077557166107, 0.037592530250549316, 0.0862402394413948, 0.0015512912068516016, 0.8732177019119263]",SPD,SPD
"[0.0057300846092402935, 0.09971880167722702, 0.0343904122710228, 0.562924861907959, 0.0016719290288165212, 0.2955639064311981]",GRÜNE,GRÜNE
"[0.00018598116002976894, 0.9977760314941406, 0.0009550602990202606, 8.691025141160935e-05, 0.00016040870104916394, 0.0008356920443475246]",CDU/CSU,CDU/CSU
"[0.3587072193622589, 0.05283485725522041, 0.5855889916419983, 0.00037344262818805873, 0.0009265881380997598, 0.0015687766717746854]",AfD,FDP
"[0.003496982157230377, 0.003322211792692542, 0.0006205782410688698, 0.0002838440705090761, 0.9921254515647888, 0.0001508957357145846]",LINKE,LINKE
"[0.9989044666290283, 0.0005734766600653529, 0.00020813988521695137, 3.4465578210074455e-05, 0.0001636896631680429, 0.00011575465032365173]",AfD,AfD
"[0.0002539748093113303, 0.00046842952724546194, 0.9730196595191956, 0.008498459123075008, 0.0004466426617000252, 0.017312826588749886]",FDP,FDP
"[0.0007631670450791717, 0.0274440199136734, 0.007065102458000183, 0.20936407148838043, 0.04306703805923462, 0.7122966051101685]",SPD,SPD
"[0.00047265118337236345, 0.0012373904464766383, 0.0029294686391949654, 0.000831962504889816, 0.9942309856414795, 0.00029751568217761815]",LINKE,LINKE
"[0.00043717341031879187, 0.0023208563216030598, 0.0005550045752897859, 0.8507505655288696, 0.14490483701229095, 0.0010315810795873404]",GRÜNE,GRÜNE
"[0.0005279799224808812, 0.28008171916007996, 0.4545174539089203, 0.07168449461460114, 0.000424952304456383, 0.19276340305805206]",FDP,FDP
"[0.00022148422431200743, 0.007540772203356028, 0.0019615739583969116, 0.06071353331208229, 0.00821216031908989, 0.9213504195213318]",SPD,SPD
"[0.00012755420175381005, 0.19973178207874298, 0.012962517328560352, 0.10908062756061554, 0.0016613444313406944, 0.676436185836792]",SPD,SPD
"[0.0002681296900846064, 0.2697019577026367, 0.007369033060967922, 0.1726175844669342, 0.0006088226800784469, 0.5494344830513]",SPD,SPD
"[0.002713331487029791, 0.3476909101009369, 0.5781048536300659, 0.008842915296554565, 0.001338311703875661, 0.061309684067964554]",FDP,FDP
"[0.9921123385429382, 0.0031614559702575207, 0.00236488226801157, 0.0007713078521192074, 0.00044616739614866674, 0.0011438202345743775]",AfD,AfD
"[0.001387999509461224, 0.7577664256095886, 0.08377598971128464, 0.10902750492095947, 0.0006419732817448676, 0.0474000982940197]",CDU/CSU,CDU/CSU
"[0.00017531192861497402, 0.9975436329841614, 0.0009246438276022673, 0.00034391513327136636, 0.0002198903966927901, 0.0007926294929347932]",CDU/CSU,CDU/CSU
"[0.00033702660584822297, 0.00013777620915789157, 0.0033380119130015373, 0.6563048958778381, 0.0007233070209622383, 0.3391590118408203]",GRÜNE,GRÜNE
"[0.0002856358769349754, 0.4161054790019989, 0.023130614310503006, 0.07818648964166641, 0.00200915290042758, 0.48028260469436646]",SPD,SPD
"[0.0003718422958627343, 0.0005646610516123474, 0.7891326546669006, 0.2052304595708847, 0.0003046071215067059, 0.004395760130137205]",FDP,FDP
"[0.33176690340042114, 0.11857570707798004, 0.4400542974472046, 0.08859710395336151, 0.009188680909574032, 0.011817336082458496]",AfD,FDP
"[0.00031712197232991457, 9.50136745814234e-05, 5.562436854233965e-05, 0.00030783191323280334, 0.9991108179092407, 0.00011357496259734035]",LINKE,LINKE
"[0.00032033142633736134, 0.36358943581581116, 0.1366129368543625, 0.08805514127016068, 0.0012979122111573815, 0.41012418270111084]",SPD,SPD
"[0.00032418963382951915, 0.00046100845793262124, 0.00036399680539034307, 0.9099383354187012, 0.0012787686428055167, 0.08763369172811508]",GRÜNE,GRÜNE
"[0.0030512483790516853, 0.9238135814666748, 0.045246921479701996, 0.0034534812439233065, 0.0018682196969166398, 0.022566519677639008]",CDU/CSU,CDU/CSU
"[0.0018137410515919328, 0.42554807662963867, 0.5242668986320496, 0.04442785307765007, 0.0012546961661428213, 0.0026887760031968355]",FDP,FDP
"[0.00032164074946194887, 0.0005426975549198687, 0.8070089817047119, 0.10795575380325317, 0.0008361832587979734, 0.08333468437194824]",FDP,FDP
"[0.00020575420057866722, 0.7480898499488831, 0.004572784993797541, 0.0031729412730783224, 0.00030137368594296277, 0.24365730583667755]",CDU/CSU,CDU/CSU
"[0.997022807598114, 0.0004598445084411651, 0.00046526495134457946, 0.00046209528227336705, 0.0013701632851734757, 0.0002197755966335535]",AfD,AfD
"[0.0006543006165884435, 0.0016787269851192832, 0.09275352209806442, 0.5529834628105164, 0.00045880439574830234, 0.3514711856842041]",SPD,GRÜNE
"[0.997221052646637, 0.0013219664106145501, 0.0009781994158402085, 0.00013190908066462725, 6.75910196150653e-05, 0.00027923323796130717]",AfD,AfD
"[0.002467874903231859, 0.0002493224455974996, 0.0003894147230312228, 0.0011412366293370724, 0.9956378936767578, 0.00011426252603996545]",LINKE,LINKE
"[0.00021801097318530083, 0.04783907160162926, 0.004689286928623915, 0.0010925031965598464, 0.0019723728764802217, 0.9441887736320496]",SPD,SPD
"[0.00016386770585086197, 0.0004750940133817494, 0.9714639782905579, 0.012361000292003155, 0.0002572970697656274, 0.015278711915016174]",FDP,FDP
"[0.0005345490062609315, 0.012475498020648956, 0.023055143654346466, 0.2175723761320114, 0.0003813366056419909, 0.7459810972213745]",GRÜNE,SPD
"[0.0002889626193791628, 0.9820501804351807, 0.0166486669331789, 0.00025589315919205546, 0.0002476298250257969, 0.0005086077144369483]",CDU/CSU,CDU/CSU
"[0.0003511690301820636, 0.9165685176849365, 0.0521681047976017, 0.025779686868190765, 0.0006502995966002345, 0.004482212942093611]",CDU/CSU,CDU/CSU
"[0.0001501088117947802, 0.00016315048560500145, 6.145596853457391e-05, 0.0034561739303171635, 0.995841383934021, 0.0003276978386566043]",LINKE,LINKE
"[0.0025794617831707, 0.11748971045017242, 0.06987207382917404, 0.20971688628196716, 0.34227776527404785, 0.2580641210079193]",LINKE,LINKE
"[0.001119424938224256, 0.00713252741843462, 0.9735085964202881, 0.015036794357001781, 0.0014864441473037004, 0.0017162670847028494]",FDP,FDP
"[0.8137004971504211, 0.15910591185092926, 0.011974967084825039, 0.001733186305500567, 0.005396191030740738, 0.008089162409305573]",AfD,AfD
"[0.0001874379231594503, 0.0007934928289614618, 8.169291686499491e-05, 0.0029588574543595314, 0.9958760142326355, 0.00010260029375785962]",LINKE,LINKE
"[0.00011770051787607372, 0.0001806119253160432, 5.026862709200941e-05, 0.0005400725058279932, 0.9989809989929199, 0.00013036213931627572]",LINKE,LINKE
"[0.6807577610015869, 0.2449900507926941, 0.0007067268597893417, 0.002941677113994956, 0.020479856058955193, 0.05012392997741699]",AfD,AfD
"[0.0008413228206336498, 0.003462060121819377, 0.37620747089385986, 0.4642552137374878, 0.0003780252591241151, 0.1548559069633484]",FDP,GRÜNE
"[0.0003347886959090829, 0.001537393662147224, 0.08228912204504013, 0.08853735774755478, 0.0005264188512228429, 0.8267748951911926]",SPD,SPD
"[0.0002697526942938566, 0.9962974786758423, 0.0002946653694380075, 0.0006119802128523588, 0.00029349271790124476, 0.002232637954875827]",CDU/CSU,CDU/CSU
"[0.00016753615636844188, 0.034356433898210526, 0.05982876569032669, 0.4693244695663452, 0.00021405598090495914, 0.43610879778862]",FDP,GRÜNE
"[0.0005004530539736152, 0.03835183009505272, 0.002612668788060546, 0.6284272074699402, 0.3264537453651428, 0.0036540955770760775]",GRÜNE,GRÜNE
"[0.9764257073402405, 0.0010867140954360366, 0.02179516665637493, 0.00011044966959161684, 0.0004323658940847963, 0.00014957296662032604]",AfD,AfD
"[0.0001820193137973547, 0.024379633367061615, 0.8980832099914551, 0.01129654049873352, 0.0002457113878335804, 0.06581290811300278]",FDP,FDP
"[0.0004236650129314512, 0.620966911315918, 0.0033867841120809317, 0.011221587657928467, 0.00048691011033952236, 0.36351409554481506]",SPD,CDU/CSU
"[0.0005483043496496975, 0.02753537707030773, 0.0003684668045025319, 0.001358030829578638, 0.0012420560233294964, 0.9689477682113647]",SPD,SPD
"[0.0053464509546756744, 0.3545214533805847, 0.11381091177463531, 0.3369678854942322, 0.014877804554998875, 0.1744755357503891]",AfD,CDU/CSU
"[0.0006944742635823786, 0.9959040284156799, 0.0009162460337392986, 0.0009086094796657562, 0.00037565219099633396, 0.0012009675847366452]",CDU/CSU,CDU/CSU
"[0.00024709090939722955, 0.0006762242410331964, 0.00048073206562548876, 0.052071914076805115, 0.0003567287640180439, 0.9461672902107239]",SPD,SPD
"[0.0011474147904664278, 0.3723018765449524, 0.5223124027252197, 0.07838718593120575, 0.0010016480227932334, 0.024849524721503258]",FDP,FDP
"[0.0002475101500749588, 0.002371698385104537, 0.001545027131214738, 0.08010786771774292, 0.0004608104354701936, 0.9152671098709106]",SPD,SPD
"[0.00029040995286777616, 0.8770700693130493, 0.024434152990579605, 0.0017776049207895994, 0.00022560067009180784, 0.09620216488838196]",CDU/CSU,CDU/CSU
"[0.013824045658111572, 0.5796363949775696, 0.35151785612106323, 0.0093451589345932, 0.0024485767353326082, 0.04322798550128937]",GRÜNE,CDU/CSU
"[0.0011404487304389477, 0.004684746731072664, 0.14260952174663544, 0.5761418342590332, 0.010246722027659416, 0.2651767134666443]",SPD,GRÜNE
"[0.0006318946252577007, 0.6106963753700256, 0.35646700859069824, 0.0008307743701152503, 0.00026894049369730055, 0.031105035915970802]",CDU/CSU,CDU/CSU
"[0.04495536535978317, 0.4728391766548157, 0.4431610107421875, 0.006499205715954304, 0.00604997668415308, 0.026495255529880524]",CDU/CSU,CDU/CSU
"[0.00043946225196123123, 0.7149109244346619, 0.27969250082969666, 0.0011976289097219706, 0.00025553067098371685, 0.0035039850044995546]",CDU/CSU,CDU/CSU
"[0.002672923728823662, 0.4432222843170166, 0.0618368536233902, 0.013640649616718292, 0.001078433939255774, 0.47754883766174316]",SPD,SPD
"[0.0002330110437469557, 0.005799212958663702, 0.013611403293907642, 0.9745368957519531, 0.005257779266685247, 0.000561720400582999]",GRÜNE,GRÜNE
"[0.0001986641000257805, 0.0006284681730903685, 7.158738299040124e-05, 0.0009538413141854107, 0.9980307221412659, 0.00011665761121548712]",LINKE,LINKE
"[0.00014423228276427835, 0.026218898594379425, 0.005875973030924797, 0.6745993494987488, 0.2411215752363205, 0.05203992500901222]",GRÜNE,GRÜNE
"[0.0002764564997050911, 0.9431622624397278, 0.00048234884161502123, 0.000717132119461894, 0.0001841147750383243, 0.055177632719278336]",CDU/CSU,CDU/CSU
"[0.0003179727355018258, 0.15087120234966278, 0.08637606352567673, 0.1726820021867752, 0.004761085379868746, 0.5849916934967041]",SPD,SPD
"[0.0004920559586025774, 0.8948862552642822, 0.06546150147914886, 0.028444822877645493, 0.0002537839172873646, 0.010461710393428802]",CDU/CSU,CDU/CSU
"[0.00017203741299454123, 0.9535476565361023, 0.006051001138985157, 0.0011335324961692095, 0.00048254887224175036, 0.03861316293478012]",CDU/CSU,CDU/CSU
"[0.0006996382144279778, 0.847121000289917, 0.004879128187894821, 0.004820958711206913, 0.000637895311228931, 0.14184138178825378]",CDU/CSU,CDU/CSU
"[0.987383246421814, 0.0012064198963344097, 0.008524947799742222, 7.027279934845865e-05, 0.002409069798886776, 0.0004061317886225879]",AfD,AfD
"[0.003386962693184614, 0.9926861524581909, 0.0015778744127601385, 0.00023985747247934341, 0.0016082098009064794, 0.0005008832085877657]",CDU/CSU,CDU/CSU
"[0.0003221846418455243, 0.9144613742828369, 0.004991929512470961, 0.0011419740039855242, 0.00019587966380640864, 0.07888662070035934]",CDU/CSU,CDU/CSU
"[0.9989597797393799, 0.0003013892564922571, 0.00036474395892582834, 9.71083645708859e-05, 0.0001790480746421963, 9.798866085475311e-05]",AfD,AfD
"[0.00018018792616203427, 0.0032362935598939657, 0.023831557482481003, 0.9556741118431091, 0.00028569874120876193, 0.0167921744287014]",FDP,GRÜNE
"[0.0005867120926268399, 0.269756942987442, 0.5414720177650452, 0.10859018564224243, 0.0006182095385156572, 0.07897593826055527]",FDP,FDP
"[0.9344913363456726, 0.0023294745478779078, 0.02018156088888645, 0.01655285619199276, 0.02458866499364376, 0.001856088056229055]",AfD,AfD
"[0.002315833466127515, 0.5570096373558044, 0.12200570106506348, 0.18021123111248016, 0.0434192530810833, 0.09503837674856186]",GRÜNE,CDU/CSU
"[0.0004416271112859249, 0.06857912242412567, 0.022456226870417595, 0.5107722878456116, 0.36568760871887207, 0.03206313028931618]",LINKE,GRÜNE
"[0.0009004227467812598, 0.7635011672973633, 0.007376436144113541, 0.00547785684466362, 0.0007001594640314579, 0.2220439314842224]",CDU/CSU,CDU/CSU
"[0.00011030178575310856, 0.0001498838682891801, 8.326015813509002e-05, 0.0025055587757378817, 0.9970888495445251, 6.223730451893061e-05]",LINKE,LINKE
"[0.0010198806412518024, 0.7682943344116211, 0.2112216204404831, 0.0035608713515102863, 0.0004020841734018177, 0.015501304529607296]",FDP,CDU/CSU
"[0.00018240633653476834, 0.028902128338813782, 0.011250787414610386, 0.011901765130460262, 0.00034257833613082767, 0.9474202394485474]",SPD,SPD
"[0.0001243125880137086, 0.0003487992798909545, 0.998641848564148, 0.0002551600045990199, 0.00012531019456218928, 0.000504569907207042]",FDP,FDP
"[0.0001621398114366457, 0.1782100647687912, 0.6718205809593201, 0.0018910168437287211, 0.0003274058981332928, 0.1475888341665268]",FDP,FDP
"[0.857581615447998, 0.13569320738315582, 0.0015317155048251152, 0.0004042261280119419, 0.004072485025972128, 0.0007166577852331102]",AfD,AfD
"[0.0003759200917556882, 0.9203982949256897, 0.06623081862926483, 0.01000496931374073, 0.0013717595720663667, 0.001618261681869626]",CDU/CSU,CDU/CSU
"[0.000424513389589265, 0.09699409455060959, 0.003907164558768272, 0.07027503848075867, 0.0020769655238837004, 0.8263222575187683]",SPD,SPD
"[0.07059943675994873, 0.20355916023254395, 0.10875273495912552, 0.19063657522201538, 0.003281109035015106, 0.4231710135936737]",SPD,SPD
"[0.00021013780497014523, 0.0673832967877388, 0.006499366369098425, 0.22658222913742065, 0.00030429530306719244, 0.6990206837654114]",SPD,SPD
"[0.00025761581491678953, 0.0028574918396770954, 0.10284734517335892, 0.5976587533950806, 0.0004859931068494916, 0.2958928048610687]",GRÜNE,GRÜNE
"[0.0024380336981266737, 0.9860832691192627, 0.001347677200101316, 0.0020681514870375395, 0.003245170461013913, 0.004817716311663389]",CDU/CSU,CDU/CSU
"[0.00035567363374866545, 0.136116623878479, 0.001434258185327053, 0.0008718654862605035, 0.0003648820274975151, 0.8608567118644714]",SPD,SPD
"[0.00044458513730205595, 0.9905405044555664, 0.00824135821312666, 0.00022601689852308482, 0.00015472130326088518, 0.00039283340447582304]",CDU/CSU,CDU/CSU
"[0.000478740461403504, 0.5163868069648743, 0.23708060383796692, 0.01467960700392723, 0.0007851342088542879, 0.23058906197547913]",CDU/CSU,CDU/CSU
"[0.00037559051997959614, 0.296623557806015, 0.0014852172462269664, 0.0033704591915011406, 0.0005666671204380691, 0.697578489780426]",SPD,SPD
"[0.0009655932663008571, 0.9919755458831787, 0.005509654525667429, 0.0004117622156627476, 0.0004112689639441669, 0.0007261231658048928]",CDU/CSU,CDU/CSU
"[0.00021484475291799754, 0.0012032095110043883, 0.0007186534930951893, 0.9837315082550049, 0.0036870974581688643, 0.01044468954205513]",GRÜNE,GRÜNE
"[0.521881639957428, 0.45700645446777344, 0.007283359300345182, 0.005119676236063242, 0.007729418575763702, 0.0009793915087357163]",CDU/CSU,AfD
"[0.979595422744751, 0.018801718950271606, 0.0010623298585414886, 8.537471876479685e-05, 0.0003117883170489222, 0.00014332127466332167]",AfD,AfD
"[0.06455133855342865, 0.04697157442569733, 0.28914210200309753, 0.05744464695453644, 0.501458466053009, 0.04043184593319893]",LINKE,LINKE
"[0.00012743656407110393, 0.0032776372972875834, 0.0004978512297384441, 0.9933011531829834, 0.0011297366581857204, 0.0016661322442814708]",GRÜNE,GRÜNE
"[0.00022142380475997925, 0.004332289565354586, 0.0026502273976802826, 0.4968346953392029, 0.0018770337337628007, 0.49408429861068726]",SPD,GRÜNE
"[0.008060469292104244, 0.00918442104011774, 0.004968056920915842, 0.31542253494262695, 0.6540101170539856, 0.008354482240974903]",LINKE,LINKE
"[0.0002906541049014777, 0.0016631021862849593, 0.15152859687805176, 0.8405943512916565, 0.002867957577109337, 0.003055285895243287]",GRÜNE,GRÜNE
"[0.0005900919786654413, 0.000518455111887306, 9.430249338038266e-05, 0.00015761882241349667, 0.998576283454895, 6.331170880002901e-05]",LINKE,LINKE
"[0.003174246521666646, 0.21273726224899292, 0.4527687728404999, 0.056680649518966675, 0.010269149206578732, 0.2643699049949646]",FDP,FDP
"[0.00018953952530864626, 0.9933193922042847, 0.0019678722601383924, 0.00018315514898858964, 0.0001132666802732274, 0.004226816352456808]",CDU/CSU,CDU/CSU
"[0.08300922065973282, 0.8822747468948364, 0.0066912188194692135, 0.002028967021033168, 0.0014241142198443413, 0.024571748450398445]",CDU/CSU,CDU/CSU
"[0.9803639650344849, 0.008893844671547413, 0.005304703023284674, 0.0009076705318875611, 0.0005304888472892344, 0.00399927468970418]",AfD,AfD
"[0.0003793648793362081, 0.000811263918876648, 0.000473169784527272, 0.0017486553406342864, 0.00018216385797131807, 0.9964053630828857]",SPD,SPD
"[0.0005654897540807724, 0.501571774482727, 0.009105258621275425, 0.002164785284548998, 0.00029005075339227915, 0.4863026738166809]",CDU/CSU,CDU/CSU
"[0.0002549975470174104, 0.9029810428619385, 0.04114001244306564, 0.00043179490603506565, 0.00014187699707690626, 0.05505029484629631]",CDU/CSU,CDU/CSU
"[0.894528865814209, 0.01175485085695982, 0.028548233211040497, 0.008516456000506878, 0.05446013808250427, 0.002191482810303569]",AfD,AfD
"[0.0009447705233469605, 0.16654977202415466, 0.6426013112068176, 0.04976702854037285, 0.016433775424957275, 0.12370337545871735]",FDP,FDP
"[0.001523916726000607, 0.30543678998947144, 0.559654951095581, 0.02180917002260685, 0.0005165282636880875, 0.11105867475271225]",CDU/CSU,FDP
"[0.0003482135070953518, 0.02811136469244957, 0.008336118422448635, 0.8555129170417786, 0.10562597215175629, 0.002065420849248767]",GRÜNE,GRÜNE
"[0.00017715583089739084, 0.0002994221867993474, 0.0025609314907342196, 0.9590156078338623, 0.00031629076693207026, 0.03763062506914139]",GRÜNE,GRÜNE
"[0.00043548125540837646, 0.9398850798606873, 0.002864330541342497, 0.0015202128561213613, 0.00022718613035976887, 0.05506770685315132]",CDU/CSU,CDU/CSU
"[0.00011729053949238732, 0.0010238077957183123, 0.0003894560213666409, 0.01049622893333435, 0.9821912050247192, 0.005781920161098242]",LINKE,LINKE
"[0.00023184569727163762, 0.015330182388424873, 0.532364547252655, 0.0897584930062294, 0.00022307038307189941, 0.36209189891815186]",FDP,FDP
"[0.00026096374494954944, 0.029983773827552795, 0.005810142494738102, 0.26137155294418335, 0.012150402180850506, 0.6904231309890747]",SPD,SPD
"[0.00047333017573691905, 0.03896888718008995, 0.007473394274711609, 0.17633478343486786, 0.023659156635403633, 0.7530904412269592]",SPD,SPD
"[0.00020878443319816142, 0.9569225311279297, 0.039712876081466675, 0.00112316629383713, 0.0002168726787203923, 0.0018157275626435876]",CDU/CSU,CDU/CSU
"[0.0006644214154221117, 0.007492512930184603, 0.003459132742136717, 0.12414931505918503, 0.8626053333282471, 0.0016292539658024907]",LINKE,LINKE
"[0.00016936006431933492, 0.21784083545207977, 0.0012584071373566985, 0.005018596071749926, 0.0007509763818234205, 0.7749617695808411]",SPD,SPD
"[0.0003828778280876577, 0.994652271270752, 0.0029188038315624, 0.0001671865611569956, 0.0015658708289265633, 0.0003129958058707416]",CDU/CSU,CDU/CSU
"[0.0029590693302452564, 0.002991254674270749, 0.9897236227989197, 0.0008875058265402913, 0.00030818587401881814, 0.0031303749419748783]",LINKE,FDP
"[0.0003398106200620532, 0.5312767624855042, 0.04900746792554855, 0.00179182062856853, 0.0014982845168560743, 0.416085809469223]",SPD,CDU/CSU
"[0.0007239640690386295, 0.07134966552257538, 0.08212344348430634, 0.4026315212249756, 0.0007210839539766312, 0.44245031476020813]",SPD,SPD
"[0.00015130333486013114, 0.00011082388664362952, 2.6969741156790406e-05, 0.0003690246376208961, 0.999121367931366, 0.00022049789549782872]",LINKE,LINKE
"[0.0005631506210193038, 0.6869884729385376, 0.2863481640815735, 0.002766973339021206, 0.0014790566638112068, 0.021854184567928314]",FDP,CDU/CSU
"[0.0004223984433338046, 0.20363236963748932, 0.07690086960792542, 0.39658093452453613, 0.0005441514658741653, 0.3219192326068878]",GRÜNE,GRÜNE
"[0.9992963671684265, 0.00039317202754318714, 0.00012702260573860258, 6.129695975687355e-05, 5.774099918198772e-05, 6.449679494835436e-05]",AfD,AfD
"[0.0004358425794634968, 0.09624272584915161, 0.902501106262207, 0.00029428760171867907, 0.00022230700415093452, 0.00030374276684597135]",FDP,FDP
"[0.00035893608583137393, 0.07839654386043549, 0.0010409398237243295, 0.004660129081457853, 0.0003782549756579101, 0.9151651859283447]",SPD,SPD
"[0.0006126436055637896, 0.0004422246420290321, 0.002410555025562644, 0.7560462951660156, 0.0005115802050568163, 0.2399766892194748]",GRÜNE,GRÜNE
"[0.9993237257003784, 0.00028992773150093853, 0.00018332393665332347, 5.1460912800394e-05, 0.00010422901686979458, 4.731647641165182e-05]",AfD,AfD
"[0.0004726874176412821, 0.5025908350944519, 0.006152828689664602, 0.006867334246635437, 0.0015777734806761146, 0.482338547706604]",CDU/CSU,CDU/CSU
"[0.0004973683971911669, 0.07561828196048737, 0.10457471758127213, 0.6885925531387329, 0.0005024968413636088, 0.13021455705165863]",FDP,GRÜNE
"[0.9990270137786865, 0.00023648960632272065, 0.0003981784684583545, 6.795419903937727e-05, 0.00016574251640122384, 0.00010463463695487007]",AfD,AfD
"[0.0007114160689525306, 0.8585184216499329, 0.01454942673444748, 0.011480133049190044, 0.0005033067427575588, 0.1142372265458107]",CDU/CSU,CDU/CSU
"[0.00029492343310266733, 0.7720324993133545, 0.11134576797485352, 0.0030967413913458586, 0.0005011355387978256, 0.11272893846035004]",FDP,CDU/CSU
"[0.5125192999839783, 0.3814781904220581, 0.025697017088532448, 0.06361708790063858, 0.0013968952698633075, 0.01529147382825613]",AfD,AfD
"[0.0007298402488231659, 0.2957099378108978, 0.2591720521450043, 0.1037401631474495, 0.0010990937007591128, 0.3395489752292633]",FDP,SPD
"[0.00025102804647758603, 0.05079931393265724, 0.3088192939758301, 0.04505663365125656, 0.0012191921705380082, 0.593854546546936]",SPD,SPD
"[0.9988541603088379, 0.00043588224798440933, 0.00021306863345671445, 0.00014613191888201982, 0.00022274530783761293, 0.00012795637303497642]",AfD,AfD
"[0.0003597127797547728, 0.9419978857040405, 0.015187608078122139, 0.001190920709632337, 0.0005110520869493484, 0.04075288027524948]",CDU/CSU,CDU/CSU
"[0.00042592300451360643, 0.005001348908990622, 0.1762990653514862, 0.013277286663651466, 0.0191978607326746, 0.7857984900474548]",SPD,SPD
"[0.00016173601034097373, 0.0033918702974915504, 0.001077558845281601, 0.007562529295682907, 0.00014844798715785146, 0.9876578450202942]",SPD,SPD
"[0.00033357212669216096, 0.006331475917249918, 0.010693986900150776, 0.6275287866592407, 0.00025685824221000075, 0.3548552989959717]",GRÜNE,GRÜNE
"[0.0007646395242772996, 0.0015670150751248002, 0.965488851070404, 0.006247764453291893, 0.0001712550438242033, 0.025760479271411896]",FDP,FDP
"[0.00048815287300385535, 0.049371737986803055, 0.016590910032391548, 0.06867743283510208, 0.8490998148918152, 0.015771936625242233]",LINKE,LINKE
"[0.0003930005186703056, 0.0027107105124741793, 0.0008957117679528892, 0.002827753545716405, 0.00012236677866894752, 0.9930505156517029]",SPD,SPD
"[0.00014761890633963048, 0.9699599742889404, 0.014927579089999199, 0.005785619840025902, 0.00018780808022711426, 0.008991380222141743]",CDU/CSU,CDU/CSU
"[0.00010697296966100112, 0.00012579902249854058, 5.269751636660658e-05, 0.002364399377256632, 0.9967194199562073, 0.0006306468858383596]",LINKE,LINKE
"[0.0006029599462635815, 0.7940030097961426, 0.08608723431825638, 0.004274658393114805, 0.0018396222731098533, 0.11319249123334885]",CDU/CSU,CDU/CSU
"[0.001039139344356954, 0.9906787276268005, 0.000909666356164962, 0.000971748901065439, 0.000358376040821895, 0.006042377557605505]",CDU/CSU,CDU/CSU
"[0.0002835991617757827, 0.04441094398498535, 0.01182908657938242, 0.05586513131856918, 0.014045771211385727, 0.8735654950141907]",SPD,SPD
"[0.0007486177491955459, 0.4506986737251282, 0.2848871350288391, 0.020117653533816338, 0.0006638979539275169, 0.24288401007652283]",FDP,CDU/CSU
"[0.0002404832048341632, 0.9002730846405029, 0.0968853011727333, 0.0003754659555852413, 0.00035799818579107523, 0.0018676345935091376]",CDU/CSU,CDU/CSU
"[0.00026903723482973874, 0.0057276226580142975, 0.005529831629246473, 0.579675018787384, 0.0009475155384279788, 0.4078509509563446]",SPD,GRÜNE
"[0.0003177227627020329, 0.008609329350292683, 0.01943034678697586, 0.9610068202018738, 0.0016174468910321593, 0.00901839043945074]",GRÜNE,GRÜNE
"[0.0026319334283471107, 0.0035356171429157257, 0.0027376306243240833, 0.3252650201320648, 0.6650204658508301, 0.0008092993521131575]",LINKE,LINKE
"[0.0003692839527502656, 0.8358255624771118, 0.0034225063864141703, 0.0012215245515108109, 0.00026288643130101264, 0.15889818966388702]",CDU/CSU,CDU/CSU
"[0.9993792772293091, 0.0002398296055616811, 0.0001904633827507496, 5.690892430720851e-05, 7.321536395465955e-05, 6.0225316701689735e-05]",AfD,AfD
"[0.00035493067116476595, 0.06955710798501968, 0.7572152018547058, 0.022184982895851135, 0.0006534737185575068, 0.1500343531370163]",FDP,FDP
"[0.00016327221237588674, 0.9594457745552063, 0.0014438471989706159, 0.007570463698357344, 0.00016984413377940655, 0.031206810846924782]",CDU/CSU,CDU/CSU
"[0.0003784756700042635, 0.001640122034586966, 0.001176013145595789, 0.048971593379974365, 0.946016788482666, 0.0018170593539252877]",LINKE,LINKE
"[0.00015203646034933627, 0.0060034580528736115, 0.00043435688712634146, 0.0014744827058166265, 8.49759962875396e-05, 0.991850733757019]",SPD,SPD
"[0.0026946142315864563, 0.7192766070365906, 0.2565094232559204, 0.01885261759161949, 0.0014730242546647787, 0.0011937241069972515]",CDU/CSU,CDU/CSU
"[0.0008011508616618812, 0.5621538162231445, 0.25807318091392517, 0.012214637361466885, 0.00021180025942157954, 0.16654549539089203]",CDU/CSU,CDU/CSU
"[0.0006785240257158875, 0.5144229531288147, 0.0915992259979248, 0.06779291480779648, 0.04763185977935791, 0.27787452936172485]",SPD,CDU/CSU
"[0.7375199794769287, 0.08000799268484116, 0.05159081891179085, 0.014433636330068111, 0.11358658224344254, 0.0028609794098883867]",AfD,AfD
"[0.9979583024978638, 0.001382205169647932, 0.000420315598603338, 4.348652873886749e-05, 9.479797154199332e-05, 0.00010091191506944597]",AfD,AfD
"[0.9843430519104004, 0.014213670045137405, 0.0004729369538836181, 9.102698095375672e-05, 0.000662924547214061, 0.00021640548948198557]",AfD,AfD
"[0.00016707938630133867, 0.00608277739956975, 0.06592961400747299, 0.9216338396072388, 0.001441421452909708, 0.004745198413729668]",GRÜNE,GRÜNE
"[0.0006440567085519433, 0.000574229343328625, 0.007128624711185694, 0.6270178556442261, 0.0004351440002210438, 0.3642001152038574]",GRÜNE,GRÜNE
"[0.00014145921159069985, 0.0002658268203958869, 3.042906246264465e-05, 0.0007078431081026793, 0.9987379908561707, 0.00011641257151495665]",LINKE,LINKE
"[0.00036689365515485406, 0.02554471045732498, 0.009199008345603943, 0.4280243515968323, 0.003511028364300728, 0.5333539843559265]",SPD,SPD
"[0.0006980883772484958, 0.17589515447616577, 0.08952967822551727, 0.21174803376197815, 0.0010807679500430822, 0.5210483074188232]",GRÜNE,SPD
"[0.0001556041679577902, 0.04800735041499138, 0.8569433689117432, 0.08129579573869705, 0.0007549747242592275, 0.012842885218560696]",FDP,FDP
"[0.00026957824593409896, 0.00027688854606822133, 6.586748349945992e-05, 0.0008020793320611119, 0.998191237449646, 0.0003943713381886482]",LINKE,LINKE
"[0.0002139023708878085, 0.00260554370470345, 0.005374608561396599, 0.005909774452447891, 0.00016725645400583744, 0.985728919506073]",SPD,SPD
"[0.00134370441082865, 0.02511511743068695, 0.49763795733451843, 0.07303718477487564, 0.40105345845222473, 0.0018125915667042136]",LINKE,FDP
"[0.013031558133661747, 0.9614123106002808, 0.016549520194530487, 0.0010420146863907576, 0.002886420814320445, 0.005078208167105913]",CDU/CSU,CDU/CSU
"[0.00022886043007019907, 0.38178789615631104, 0.012422468513250351, 0.002591667464002967, 0.000599919178057462, 0.6023691296577454]",SPD,SPD
"[0.0006790292682126164, 0.7550021409988403, 0.023554727435112, 0.10017633438110352, 0.0021173222921788692, 0.11847050487995148]",SPD,CDU/CSU
"[0.0009747166186571121, 0.0020485701970756054, 0.00015498495486099273, 0.0006497146678157151, 0.9959814548492432, 0.00019057473400607705]",LINKE,LINKE
"[0.00027228970429860055, 0.9982268214225769, 0.0005945150624029338, 0.00016456613957416266, 0.00013143492105882615, 0.0006104012718424201]",CDU/CSU,CDU/CSU
"[0.7611104846000671, 0.046217575669288635, 0.12823812663555145, 0.009696644730865955, 0.005253036972135305, 0.049484118819236755]",AfD,AfD
"[0.00015028462803456932, 0.0010274292435497046, 0.00016362736641895026, 0.016653520986437798, 0.9802358746528625, 0.0017692312831059098]",LINKE,LINKE
"[0.011160701513290405, 0.011126513592898846, 0.2709791362285614, 0.22000011801719666, 0.48410728573799133, 0.0026262521278113127]",CDU/CSU,LINKE
"[0.00020240576122887433, 0.07030241191387177, 0.004542484413832426, 0.02260514907538891, 0.00032245414331555367, 0.9020251035690308]",SPD,SPD
"[0.0002906376903411001, 0.22349600493907928, 0.0067927963100373745, 0.24470840394496918, 0.0003927973157260567, 0.5243193507194519]",SPD,SPD
"[0.001213002484291792, 0.25912538170814514, 0.5513512492179871, 0.15930387377738953, 0.0032761041074991226, 0.025730391964316368]",FDP,FDP
"[0.003143221838399768, 0.32984986901283264, 0.6409862041473389, 0.006251197773963213, 0.016764389351010323, 0.0030050864443182945]",FDP,FDP
"[0.00021783773263450712, 0.017378201708197594, 0.002223075134679675, 0.027706053107976913, 0.00028697398374788463, 0.9521878957748413]",SPD,SPD
"[0.9995014667510986, 0.00018476054538041353, 0.00012350994802545756, 5.013686677557416e-05, 9.516075806459412e-05, 4.501737203099765e-05]",AfD,AfD
"[0.00030226263334043324, 0.024992842227220535, 0.8531695604324341, 0.015827439725399017, 8.507695747539401e-05, 0.10562283545732498]",FDP,FDP
"[0.0004797658184543252, 0.8810980916023254, 0.002331990748643875, 0.002880954183638096, 0.001037776586599648, 0.11217135936021805]",CDU/CSU,CDU/CSU
"[0.006266241427510977, 0.2000594586133957, 0.04916097968816757, 0.549148678779602, 0.025321032851934433, 0.1700436770915985]",GRÜNE,GRÜNE
"[0.00024168143863789737, 0.965583086013794, 0.010014562867581844, 0.0006340019754134119, 0.0003134224971290678, 0.023213226348161697]",CDU/CSU,CDU/CSU
"[0.0021475232206285, 0.004605247639119625, 0.9922791719436646, 0.000307311158394441, 0.0004642265848815441, 0.0001965768460649997]",FDP,FDP
"[0.00025331738288514316, 0.084453284740448, 0.03650863468647003, 0.5611078143119812, 0.024936361238360405, 0.2927405536174774]",SPD,GRÜNE
"[0.00459314277395606, 0.5366218686103821, 0.30706945061683655, 0.003341525560244918, 0.0015663489466533065, 0.1468077003955841]",CDU/CSU,CDU/CSU
"[0.0004884194931946695, 0.15910473465919495, 0.8258448839187622, 0.00036463659489527345, 0.00046880109584890306, 0.013728486374020576]",FDP,FDP
"[0.998598039150238, 0.0005670654936693609, 0.00039976040716283023, 6.431012297980487e-05, 0.00020101216796319932, 0.0001697658299235627]",AfD,AfD
"[0.007555090822279453, 0.11662935465574265, 0.07063612341880798, 0.1564687043428421, 0.5327094197273254, 0.11600136011838913]",LINKE,LINKE
"[0.0004429325053934008, 0.348660945892334, 0.03254208341240883, 0.05834629014134407, 0.0043074567802250385, 0.5557002425193787]",SPD,SPD
"[0.00016017473535612226, 0.8571100234985352, 0.006769511848688126, 0.023487986996769905, 0.0003584309306461364, 0.11211378127336502]",CDU/CSU,CDU/CSU
"[0.00022102678485680372, 0.004912988282740116, 0.005847527179867029, 0.9117681384086609, 0.05283278226852417, 0.024417588487267494]",GRÜNE,GRÜNE
"[0.0004987766151316464, 0.7060748934745789, 0.21062719821929932, 0.05015707015991211, 0.0005462021217681468, 0.03209581598639488]",CDU/CSU,CDU/CSU
"[0.0005836940254084766, 0.007639031857252121, 0.042445048689842224, 0.6097098588943481, 0.0019295142265036702, 0.33769285678863525]",GRÜNE,GRÜNE
"[0.00025720338453538716, 0.0014467161381617188, 0.0031350741628557444, 0.09573709964752197, 0.003588107181712985, 0.8958356976509094]",SPD,SPD
"[0.0019796080887317657, 0.9522845149040222, 0.04442032054066658, 0.00022967935365159065, 0.0007204348803497851, 0.0003654861357063055]",CDU/CSU,CDU/CSU
"[0.0014746105298399925, 0.5217570662498474, 0.17063257098197937, 0.004584009759128094, 0.0008413658943027258, 0.30071038007736206]",FDP,CDU/CSU
"[0.0008770891581661999, 0.0047868043184280396, 0.07756240665912628, 0.18144361674785614, 0.0010755399707704782, 0.7342545390129089]",GRÜNE,SPD
"[0.0002532761136535555, 0.061023514717817307, 0.002373983385041356, 0.00298688723705709, 0.0001859389740275219, 0.9331763386726379]",SPD,SPD
"[0.6465271711349487, 0.21420061588287354, 0.044203829020261765, 0.01702050119638443, 0.07701157033443451, 0.0010362934553995728]",AfD,AfD
"[0.00014584086602553725, 0.0001814946735976264, 0.00016982544912025332, 0.004528012592345476, 0.9948495626449585, 0.00012523779878392816]",LINKE,LINKE
"[0.00017183365707751364, 0.00024303526151925325, 8.164546306943521e-05, 0.0021461464930325747, 0.997036337852478, 0.0003210275317542255]",LINKE,LINKE
"[0.00048789329594001174, 0.2453690469264984, 0.01400262862443924, 0.02278302237391472, 0.0002615982375573367, 0.7170958518981934]",CDU/CSU,SPD
"[0.00038838162436150014, 0.3370583653450012, 0.009505883790552616, 0.05169665068387985, 0.00024349227896891534, 0.6011072397232056]",CDU/CSU,SPD
"[0.007685635704547167, 0.1682506948709488, 0.7305696606636047, 0.05345727130770683, 0.00948407780379057, 0.030552664771676064]",FDP,FDP
"[0.000628188019618392, 0.0026375893503427505, 0.024880822747945786, 0.6527442932128906, 0.00039054048829711974, 0.3187185823917389]",GRÜNE,GRÜNE
"[0.0011310225818306208, 0.39740216732025146, 0.08225612342357635, 0.26072514057159424, 0.0011594671523198485, 0.25732603669166565]",CDU/CSU,CDU/CSU
"[0.0005209133960306644, 0.3555416166782379, 0.004583308007568121, 0.05812542140483856, 0.0006665943074040115, 0.580562174320221]",SPD,SPD
"[0.00025773231755010784, 0.0120161734521389, 0.049618229269981384, 0.8532795906066895, 0.0005415671039372683, 0.0842866450548172]",GRÜNE,GRÜNE
"[0.0016262381104752421, 0.9932432174682617, 0.003797149984166026, 0.00020952608610969037, 0.00033065746538341045, 0.0007932140142656863]",CDU/CSU,CDU/CSU
"[0.9985585808753967, 0.0002175497356802225, 0.0009733253973536193, 7.45981014915742e-05, 0.00012002509902231395, 5.5871394579298794e-05]",AfD,AfD
"[0.0001167685622931458, 0.00029586549499072134, 0.998757541179657, 0.00018939604342449456, 0.00011547959729796275, 0.0005249983514659107]",FDP,FDP
"[0.002002155873924494, 0.2998371124267578, 0.0029975890647619963, 0.6334535479545593, 0.003278052667155862, 0.058431465178728104]",SPD,GRÜNE
"[0.0013628137530758977, 0.6217223405838013, 0.01184203289449215, 0.004723747726529837, 0.0032489027362316847, 0.3571001887321472]",SPD,CDU/CSU
"[0.00027894441154785454, 0.04605776444077492, 0.17717872560024261, 0.004993522074073553, 0.00014430804003495723, 0.7713467478752136]",SPD,SPD
"[0.001467946800403297, 0.34651124477386475, 0.20539291203022003, 0.012020557187497616, 0.0005574729293584824, 0.43404993414878845]",SPD,SPD
"[0.00037753957440145314, 0.9542286992073059, 0.0006305677816271782, 0.0003819440898951143, 0.00019611082097981125, 0.04418511316180229]",CDU/CSU,CDU/CSU
"[0.00014937946980353445, 0.01113139744848013, 0.007978592067956924, 0.7241964340209961, 0.024171164259314537, 0.23237301409244537]",LINKE,GRÜNE
"[0.0003573945432435721, 0.4534844756126404, 0.01899694837629795, 0.006621139124035835, 0.0005866246065124869, 0.5199534296989441]",SPD,SPD
"[0.99854576587677, 0.0006875748513266444, 0.0004750421503558755, 4.965618791175075e-05, 0.00012577087909448892, 0.00011617814743658528]",AfD,AfD
"[0.0003256629279348999, 0.2768823802471161, 0.10827980190515518, 0.07332901656627655, 0.0006844908930361271, 0.540498673915863]",CDU/CSU,SPD
"[0.20473089814186096, 0.32957392930984497, 0.301308274269104, 0.008771665394306183, 0.014825640246272087, 0.14078950881958008]",FDP,CDU/CSU
"[0.0002308522816747427, 0.9285361766815186, 0.0010368743678554893, 0.0004580749664455652, 0.00021146488143131137, 0.0695265680551529]",CDU/CSU,CDU/CSU
"[0.0032442654483020306, 0.5025405883789062, 0.4341120719909668, 0.017522083595395088, 0.02354985475540161, 0.01903120055794716]",CDU/CSU,CDU/CSU
"[0.9992331862449646, 0.0001724512258078903, 0.00016996217891573906, 6.584278889931738e-05, 0.00030449547921307385, 5.398378925747238e-05]",AfD,AfD
"[0.998788595199585, 0.00044447986874729395, 0.0002512717910576612, 7.956282934173942e-05, 0.0002724486985243857, 0.00016360812878701836]",AfD,AfD
"[0.0022773845121264458, 0.0318247526884079, 0.2846599519252777, 0.15432384610176086, 0.5205587148666382, 0.00635540671646595]",LINKE,LINKE
"[0.0001920025097206235, 0.9237260222434998, 0.0028950441628694534, 0.0019533324521034956, 0.00041518549551256, 0.07081843912601471]",CDU/CSU,CDU/CSU
"[0.6655202507972717, 0.023158172145485878, 0.21711759269237518, 0.09150886535644531, 0.0006711729802191257, 0.002023963024839759]",AfD,AfD
"[0.0009729319717735052, 0.5767078995704651, 0.054048892110586166, 0.011054475791752338, 0.00128697429317981, 0.35592880845069885]",CDU/CSU,CDU/CSU
"[0.0015870314091444016, 0.048986028879880905, 0.0022515153978019953, 0.7197847366333008, 0.03972841054201126, 0.1876622587442398]",SPD,GRÜNE
"[0.001222357270307839, 0.09689948707818985, 0.8954654335975647, 0.0007804607157595456, 0.00019569729920476675, 0.005436600651592016]",FDP,FDP
"[0.00021322975226212293, 0.7727683186531067, 0.20326942205429077, 0.0031721985433250666, 0.0002197856520069763, 0.02035703882575035]",CDU/CSU,CDU/CSU
"[0.0003071714600082487, 0.8999191522598267, 0.09313549101352692, 0.002133197383955121, 0.0005345983081497252, 0.00397042091935873]",CDU/CSU,CDU/CSU
"[0.008097801357507706, 0.14040133357048035, 0.590472936630249, 0.0040231444872915745, 0.0018456884426996112, 0.2551591098308563]",SPD,FDP
"[0.00013365325867198408, 0.03094065561890602, 0.0718744769692421, 0.1579684019088745, 0.0004858252650592476, 0.73859703540802]",GRÜNE,SPD
"[0.0001546614512335509, 0.0007166627328842878, 0.00024072613450698555, 0.0126710906624794, 0.9854501485824585, 0.0007666506571695209]",LINKE,LINKE
"[0.0004460413474589586, 0.005058362148702145, 0.6671525239944458, 0.32452207803726196, 0.0017246452625840902, 0.0010963513050228357]",FDP,FDP
"[0.0002555595710873604, 0.9793338775634766, 0.0014562472933903337, 0.0003794704389292747, 9.501112072030082e-05, 0.018479743972420692]",CDU/CSU,CDU/CSU
"[0.0002100577694363892, 0.028992541134357452, 0.008017287589609623, 0.7289385795593262, 0.0006006216281093657, 0.23324096202850342]",GRÜNE,GRÜNE
"[0.289740651845932, 0.44612279534339905, 0.001612172112800181, 0.013623163104057312, 0.23171301186084747, 0.01718817837536335]",AfD,CDU/CSU
"[0.00021190813276916742, 0.09509063512086868, 0.6799536347389221, 0.018586864694952965, 0.0009130875114351511, 0.2052438110113144]",FDP,FDP
"[0.0006229073042050004, 0.2275971621274948, 0.1876007467508316, 0.009631418623030186, 0.0004458400944713503, 0.5741019248962402]",FDP,SPD
"[0.998569130897522, 0.00022489670664072037, 0.0007401133188977838, 3.233622555853799e-05, 0.00031514838337898254, 0.00011851223098346964]",AfD,AfD
"[8.57238337630406e-05, 0.0001425823720637709, 2.793937710521277e-05, 0.0006800564005970955, 0.9989020824432373, 0.0001614881184650585]",LINKE,LINKE
"[0.0004535206826403737, 0.9968568086624146, 0.00202368525788188, 0.00013603440311271697, 0.00042197108268737793, 0.0001079312787624076]",CDU/CSU,CDU/CSU
"[0.0004793312691617757, 0.002994172740727663, 0.002408235799521208, 0.09224078804254532, 0.8889378905296326, 0.012939583510160446]",LINKE,LINKE
"[0.0004645716107916087, 0.0020008147694170475, 0.00339611922390759, 0.7364864349365234, 0.02707906812429428, 0.23057302832603455]",SPD,GRÜNE
"[0.9909256100654602, 0.0011747408425435424, 0.00542081706225872, 0.00023362413048744202, 0.0016533505404368043, 0.0005918809329159558]",AfD,AfD
"[0.0040767076425254345, 0.6203505992889404, 0.07917079329490662, 0.013345923274755478, 0.0016706841997802258, 0.28138527274131775]",CDU/CSU,CDU/CSU
"[0.0013371992390602827, 0.8252964019775391, 0.02289627492427826, 0.007682890631258488, 0.004448983818292618, 0.13833826780319214]",CDU/CSU,CDU/CSU
"[0.00016449381655547768, 0.0006038735155016184, 0.01878955028951168, 0.203122079372406, 0.00021587571245618165, 0.7771040797233582]",SPD,SPD
"[0.0005461930413730443, 0.07477732002735138, 0.000913305499125272, 0.901528537273407, 0.003225637599825859, 0.019009003415703773]",GRÜNE,GRÜNE
"[0.0007379513699561357, 0.7836850881576538, 0.0035545662976801395, 0.011536726728081703, 0.0007100405055098236, 0.1997755765914917]",CDU/CSU,CDU/CSU
"[0.0011210567317903042, 0.854500412940979, 0.031257033348083496, 0.001094362698495388, 0.015836108475923538, 0.09619098901748657]",CDU/CSU,CDU/CSU
"[0.8848458528518677, 0.017655452713370323, 0.08227773755788803, 0.005984636023640633, 0.002013492863625288, 0.007222783751785755]",AfD,AfD
"[0.0011231432436034083, 0.7140508890151978, 0.18292981386184692, 0.002076441654935479, 0.00044907780829817057, 0.09937062114477158]",CDU/CSU,CDU/CSU
"[0.978303849697113, 0.020126281306147575, 0.0006823983858339489, 0.00018007300968747586, 0.0005111300852149725, 0.00019630709721241146]",AfD,AfD
"[0.0005055998917669058, 0.23148749768733978, 0.12543396651744843, 0.0075438967905938625, 0.0002350670110899955, 0.6347939968109131]",SPD,SPD
"[0.9440807104110718, 0.0016522676451131701, 0.0023758267052471638, 0.0019127540290355682, 0.04948090761899948, 0.0004975385381840169]",AfD,AfD
"[0.000572182412724942, 0.006057283841073513, 0.027700571343302727, 0.8627874851226807, 0.08551381528377533, 0.01736871898174286]",LINKE,GRÜNE
"[0.9948486089706421, 0.0021963499020785093, 0.0022624866105616093, 8.625145710539073e-05, 0.0004928456037305295, 0.00011340893979649991]",AfD,AfD
"[0.0006480669835582376, 0.013907882384955883, 0.07531159371137619, 0.6037723422050476, 0.10150722414255142, 0.2048528790473938]",GRÜNE,GRÜNE
"[0.001987921306863427, 0.3551366329193115, 0.2781764268875122, 0.30531927943229675, 0.05497169494628906, 0.004408000968396664]",CDU/CSU,CDU/CSU
"[0.0031206270214170218, 0.003997194115072489, 0.001876193331554532, 0.9633876085281372, 0.027249254286289215, 0.00036908374750055373]",GRÜNE,GRÜNE
"[9.217875776812434e-05, 0.13356460630893707, 0.009287402965128422, 0.003310847096145153, 0.0002456709335092455, 0.8534992933273315]",SPD,SPD
"[9.197755571221933e-05, 0.008775966241955757, 0.010203937999904156, 0.8679490685462952, 0.0002353321178816259, 0.11274373531341553]",GRÜNE,GRÜNE
"[0.00017827426199801266, 0.9547443389892578, 0.016828950494527817, 0.00023291941033676267, 0.000336596742272377, 0.027678919956088066]",CDU/CSU,CDU/CSU
"[0.551816999912262, 0.0019802942406386137, 0.011675231158733368, 0.034493256360292435, 0.3980320692062378, 0.0020021521486341953]",AfD,AfD
"[0.000303612177958712, 0.08241641521453857, 0.07465695589780807, 0.10884665697813034, 0.00044723544851876795, 0.7333291172981262]",SPD,SPD
"[0.00042079362901858985, 0.06907521933317184, 0.025091536343097687, 0.1927054077386856, 0.11373203992843628, 0.5989750027656555]",SPD,SPD
"[0.00019999417418148369, 0.007427598349750042, 0.9564986824989319, 0.01649169623851776, 0.00035998853854835033, 0.01902202144265175]",FDP,FDP
"[0.0002328877308173105, 0.0011369006242603064, 0.0010800680611282587, 0.562957227230072, 0.0004210725601296872, 0.4341718554496765]",GRÜNE,GRÜNE
"[0.9769852161407471, 0.0037378775887191296, 0.016594279557466507, 0.0005359893548302352, 0.0018944703042507172, 0.00025215750792995095]",AfD,AfD
"[0.00045399469672702253, 0.048987045884132385, 0.18488921225070953, 0.6516548991203308, 0.0007241449202410877, 0.1132906973361969]",GRÜNE,GRÜNE
"[0.00017012057651299983, 0.8409489393234253, 0.014727471396327019, 0.008149908855557442, 0.00018288628780283034, 0.13582073152065277]",CDU/CSU,CDU/CSU
"[0.002253003418445587, 0.10271255671977997, 0.22585976123809814, 0.5417258739471436, 0.02281271293759346, 0.10463610291481018]",GRÜNE,GRÜNE
"[0.011076501570641994, 0.6866193413734436, 0.2443166822195053, 0.000632809882517904, 0.0033089320641011, 0.05404569208621979]",FDP,CDU/CSU
"[0.0014757573371753097, 0.0007171524339355528, 0.7492011785507202, 0.1361037641763687, 0.0008365116664208472, 0.11166562885046005]",FDP,FDP
"[0.0006620984058827162, 0.36234670877456665, 0.2177252173423767, 0.3712327480316162, 0.010515641421079636, 0.03751760348677635]",CDU/CSU,GRÜNE
"[0.0020900298841297626, 0.7495294809341431, 0.10353191941976547, 0.015240667387843132, 0.009402030147612095, 0.1202058494091034]",CDU/CSU,CDU/CSU
"[0.004483467433601618, 0.018082397058606148, 0.5048194527626038, 0.24972541630268097, 0.0053661479614675045, 0.21752314269542694]",FDP,FDP
"[0.00045537715777754784, 0.45505502820014954, 0.027280839160084724, 0.27674785256385803, 0.0020177382975816727, 0.23844315111637115]",CDU/CSU,CDU/CSU
"[0.00018530001398175955, 0.9720442891120911, 0.0012684226967394352, 0.004413055256009102, 0.0013287608744576573, 0.020760131999850273]",CDU/CSU,CDU/CSU
"[0.0026221787557005882, 0.2854766249656677, 0.03463291376829147, 0.26090678572654724, 0.009852968156337738, 0.40650853514671326]",SPD,SPD
"[0.0007220685947686434, 0.00030291781877167523, 0.140544131398201, 0.7761003375053406, 0.0005581611767411232, 0.08177245408296585]",GRÜNE,GRÜNE
"[0.0008987731416709721, 0.0734080821275711, 0.5019223093986511, 0.42169415950775146, 0.001410226570442319, 0.0006664234679192305]",FDP,FDP
"[0.0002507502504158765, 0.005187515635043383, 0.0623336136341095, 0.05507272854447365, 0.0003071713726967573, 0.8768482208251953]",SPD,SPD
"[0.9886521697044373, 0.009995145723223686, 0.000982566038146615, 6.983979983488098e-05, 0.00019734198576770723, 0.00010292063234373927]",AfD,AfD
"[0.009559000842273235, 0.06186775490641594, 0.007718258071690798, 0.3036065995693207, 0.30753061175346375, 0.30971774458885193]",LINKE,SPD
"[0.0013659277465194464, 0.7256712913513184, 0.0013924764934927225, 0.02680574730038643, 0.006706757936626673, 0.23805779218673706]",CDU/CSU,CDU/CSU
"[0.00016715996025595814, 0.6617045998573303, 0.026258399710059166, 0.0650554671883583, 0.0028084644582122564, 0.24400591850280762]",CDU/CSU,CDU/CSU
"[0.8242127299308777, 0.0583551824092865, 0.11093101650476456, 0.003953032661229372, 0.0004616751102730632, 0.002086368855088949]",AfD,AfD
"[0.47425776720046997, 0.10184482485055923, 0.30520811676979065, 0.10351072996854782, 0.007065599784255028, 0.0081130126491189]",CDU/CSU,AfD
"[0.9992407560348511, 0.00020843160746153444, 0.0003593645233195275, 4.321101005189121e-05, 9.988507372327149e-05, 4.837602318730205e-05]",AfD,AfD
"[0.00022483707289211452, 0.03394810110330582, 0.0014116850215941668, 0.45206838846206665, 0.04186062887310982, 0.4704863429069519]",GRÜNE,SPD
"[0.0011238711886107922, 0.1796378493309021, 0.03809748589992523, 0.16482944786548615, 0.3713536262512207, 0.24495771527290344]",SPD,LINKE
"[0.0002323268272448331, 0.16297900676727295, 0.04921143129467964, 0.4568094313144684, 0.0004741679586004466, 0.3302936255931854]",GRÜNE,GRÜNE
"[0.9985347390174866, 0.0006532880943268538, 0.00046872743405401707, 9.055117698153481e-05, 0.0001456939207855612, 0.00010707183537306264]",AfD,AfD
"[0.00016019442409742624, 0.9496874213218689, 0.0007342497119680047, 0.00038055190816521645, 0.00015925851766951382, 0.048878420144319534]",SPD,CDU/CSU
"[0.9851725101470947, 0.008318338543176651, 0.0017082521226257086, 0.000541098415851593, 0.0028122810181230307, 0.0014476097421720624]",AfD,AfD
"[0.0013147422578185797, 0.18099062144756317, 0.6104922294616699, 0.032159991562366486, 0.0013250538613647223, 0.17371737957000732]",CDU/CSU,FDP
"[0.00034171485458500683, 0.05716492608189583, 0.021257450804114342, 0.02293028123676777, 0.0009217014885507524, 0.8973839282989502]",SPD,SPD
"[0.00048343942034989595, 0.23256546258926392, 0.1629675328731537, 0.2804538607597351, 0.0005367584526538849, 0.3229929506778717]",CDU/CSU,SPD
"[0.00035716756246984005, 0.000591226271353662, 0.0040997713804244995, 0.7723081111907959, 0.0004331764648668468, 0.22221055626869202]",GRÜNE,GRÜNE
"[0.0005511537892743945, 0.9468904733657837, 0.0506322905421257, 0.00017621336155571043, 0.000363511178875342, 0.0013863593339920044]",CDU/CSU,CDU/CSU
"[0.0014297941233962774, 0.0009886572370305657, 0.0002604866458568722, 0.00046861168812029064, 0.9968016147613525, 5.078034882899374e-05]",LINKE,LINKE
"[0.45236241817474365, 0.0009502222528681159, 0.000399906886741519, 0.0018398023676127195, 0.5438206195831299, 0.0006270816666074097]",AfD,LINKE
"[0.0006146060186438262, 0.8596227169036865, 0.0756106898188591, 0.05993272736668587, 0.0017605939647182822, 0.0024586592335253954]",CDU/CSU,CDU/CSU
"[0.9995047450065613, 0.00018974283011630177, 9.166690142592415e-05, 4.3164680391782895e-05, 0.00011983961303485557, 5.0805207138182595e-05]",AfD,AfD
"[0.0011631757952272892, 0.0034268226008862257, 0.9927151799201965, 0.0007636633235961199, 0.00014327571261674166, 0.0017878542421385646]",FDP,FDP
"[0.0010192794725298882, 0.9456518292427063, 0.0016874759458005428, 0.0017111706547439098, 0.000937748933210969, 0.048992421478033066]",CDU/CSU,CDU/CSU
"[0.9993476867675781, 0.00019143095414619893, 0.00026428684941492975, 4.1638879338279366e-05, 0.0001158672384917736, 3.911855674232356e-05]",AfD,AfD
"[0.00021211210696492344, 0.9700204133987427, 0.012934182770550251, 0.009642907418310642, 0.0005983723094686866, 0.006592083722352982]",CDU/CSU,CDU/CSU
"[0.0002046619774773717, 0.007653678767383099, 0.003220462007448077, 0.0004207601014059037, 0.00016095508181024343, 0.9883395433425903]",SPD,SPD
"[0.0004920503124594688, 0.8803852796554565, 0.03368615731596947, 0.023855000734329224, 0.007654169108718634, 0.053927332162857056]",CDU/CSU,CDU/CSU
"[0.0002804080431815237, 0.028502991423010826, 0.10995393991470337, 0.03466171771287918, 0.0003955279244109988, 0.8262054324150085]",SPD,SPD
"[0.000168076905538328, 0.0001240532292285934, 7.257190736709163e-05, 0.000725451041944325, 0.998365581035614, 0.0005442835972644389]",LINKE,LINKE
"[0.0009512900141999125, 0.5540630221366882, 0.015385122038424015, 0.04156237840652466, 0.028668228536844254, 0.3593699336051941]",CDU/CSU,CDU/CSU
"[0.00018700565851759166, 0.08798566460609436, 0.4160221517086029, 0.019566727802157402, 0.00036543331225402653, 0.47587302327156067]",FDP,SPD
"[0.0003041710297111422, 0.8494246602058411, 0.006395040079951286, 0.0012043616734445095, 0.00028867326909676194, 0.14238320291042328]",CDU/CSU,CDU/CSU
"[0.00034815011895261705, 0.028066612780094147, 0.10644189268350601, 0.4484905004501343, 0.0005112520884722471, 0.4161416292190552]",GRÜNE,GRÜNE
"[0.001653081737458706, 0.10299545526504517, 0.07340768724679947, 0.10616566985845566, 0.002396225929260254, 0.7133818864822388]",SPD,SPD
"[0.14074458181858063, 0.12209749221801758, 0.6639439463615417, 0.011794778518378735, 0.0024602424819022417, 0.05895897373557091]",FDP,FDP
"[0.0014134778175503016, 0.2928716838359833, 0.329826295375824, 0.14213094115257263, 0.016194334253668785, 0.2175632119178772]",GRÜNE,FDP
"[0.7000243067741394, 0.1141834408044815, 0.06396566331386566, 0.0024167215451598167, 0.11458003520965576, 0.004829839803278446]",AfD,AfD
"[0.9952417016029358, 0.0030929117929190397, 0.00027936624246649444, 0.0001205280059366487, 0.001002946519292891, 0.0002625029592309147]",AfD,AfD
"[0.03765380010008812, 0.000475926382932812, 0.0005015893839299679, 0.000522009446285665, 0.9605040550231934, 0.00034258549567312]",LINKE,LINKE
"[0.002288558753207326, 0.47006189823150635, 0.36379265785217285, 0.00623922236263752, 0.003994728438556194, 0.15362294018268585]",FDP,CDU/CSU
"[0.00017991002823691815, 0.01862473599612713, 0.01268635131418705, 0.8652002811431885, 0.0009328682790510356, 0.10237584263086319]",GRÜNE,GRÜNE
"[0.0005976501852273941, 0.03399595618247986, 0.5842469930648804, 0.37756723165512085, 0.0020354159642010927, 0.00155668705701828]",FDP,FDP
"[0.00027115250122733414, 0.004354242701083422, 0.005560576915740967, 0.31589260697364807, 0.6553872227668762, 0.01853419467806816]",LINKE,LINKE
"[0.0001435347367078066, 0.017851265147328377, 0.017136339098215103, 0.017756827175617218, 0.00014111705240793526, 0.9469709396362305]",SPD,SPD
"[0.0007875324808992445, 0.6383347511291504, 0.3464067280292511, 0.0027968103531748056, 0.0003041180607397109, 0.011370125226676464]",FDP,CDU/CSU
"[0.0008562831790186465, 0.7709165811538696, 0.2050720602273941, 0.005507847759872675, 0.001159026171080768, 0.01648811809718609]",FDP,CDU/CSU
"[0.00035794050199911, 0.011899370700120926, 0.26794344186782837, 0.09906218945980072, 0.008225656114518642, 0.612511396408081]",SPD,SPD
"[0.0006154470611363649, 0.15294569730758667, 0.38348403573036194, 0.03679126501083374, 0.0013392741093412042, 0.4248242676258087]",FDP,SPD
"[0.00026201544096693397, 0.036895863711833954, 0.06061217188835144, 0.21134616434574127, 0.0010546987177804112, 0.6898290514945984]",SPD,SPD
"[0.00022149592405185103, 0.0036739676725119352, 0.05008770897984505, 0.003747904673218727, 0.00029677528073079884, 0.9419721961021423]",SPD,SPD
"[0.00044803530909121037, 0.9436716437339783, 0.054451603442430496, 0.0005587515770457685, 0.0003786916786339134, 0.0004912291769869626]",CDU/CSU,CDU/CSU
"[0.0005977344699203968, 0.5379230976104736, 0.0006560080219060183, 0.00608946243301034, 0.0015058019198477268, 0.4532278776168823]",SPD,CDU/CSU
"[0.0007898903568275273, 0.8632186055183411, 0.050236981362104416, 0.006905597168952227, 0.000651057343930006, 0.07819784432649612]",CDU/CSU,CDU/CSU
"[0.0019625378772616386, 0.17440703511238098, 0.358225017786026, 0.459556519985199, 0.00023819931084290147, 0.005610711872577667]",GRÜNE,GRÜNE
"[0.0010637262603268027, 0.0002291403798153624, 0.0006786054000258446, 0.004500110633671284, 0.9933875799179077, 0.000140943520818837]",LINKE,LINKE
"[0.00021937151905149221, 0.6353862285614014, 0.3114185035228729, 0.001435689046047628, 0.0004957813653163612, 0.05104447901248932]",CDU/CSU,CDU/CSU
"[0.000665169267449528, 0.36865219473838806, 0.36417290568351746, 0.050362203270196915, 0.0003413765225559473, 0.21580612659454346]",CDU/CSU,CDU/CSU
"[0.0008767980616539717, 0.05429217591881752, 0.1670699268579483, 0.24105751514434814, 0.0005973730585537851, 0.5361061692237854]",GRÜNE,SPD
"[0.00037461891770362854, 0.532876193523407, 0.00963511411100626, 0.0022507195826619864, 0.00041997796506620944, 0.4544433653354645]",SPD,CDU/CSU
"[0.0011764006922021508, 0.00016289066115859896, 0.0001619937247596681, 0.003867535851895809, 0.9937267303466797, 0.0009044020553119481]",LINKE,LINKE
"[0.9967478513717651, 0.000253105943556875, 0.0009876075200736523, 0.0004198387614451349, 0.0015219865599647164, 6.967967055970803e-05]",AfD,AfD
"[0.0049913134425878525, 0.47178685665130615, 0.06316719204187393, 0.011730489321053028, 0.398061066865921, 0.05026301369071007]",LINKE,CDU/CSU
"[0.00043627392733469605, 0.039543889462947845, 0.0036746435798704624, 0.0563044473528862, 0.19721508026123047, 0.702825665473938]",SPD,SPD
"[0.00037412572419270873, 0.08853437751531601, 0.0036787977442145348, 0.0010324406903237104, 0.0001922632654896006, 0.9061879515647888]",SPD,SPD
"[0.9883748888969421, 0.00240630772896111, 0.007800155784934759, 0.000487093668198213, 0.0006528149242512882, 0.00027867493918165565]",AfD,AfD
"[0.0020076630171388388, 0.7526362538337708, 0.006766647566109896, 0.01331173162907362, 0.0004902441869489849, 0.22478745877742767]",CDU/CSU,CDU/CSU
"[0.9983619451522827, 0.0006963609484955668, 0.0005292802816256881, 0.00011225390335312113, 0.0001119662047130987, 0.00018824842118192464]",AfD,AfD
"[0.0007956463959999382, 0.0004828329256270081, 0.04301412031054497, 0.7317994236946106, 0.0004963548853993416, 0.22341156005859375]",GRÜNE,GRÜNE
"[0.002026577480137348, 0.07960236072540283, 0.8037096858024597, 0.09133722633123398, 0.0008531209896318614, 0.022471001371741295]",GRÜNE,FDP
"[0.0005332600558176637, 0.007988188415765762, 0.0007296010735444725, 0.08303407579660416, 0.6230020523071289, 0.28471285104751587]",GRÜNE,LINKE
"[0.0003800891572609544, 0.9021701812744141, 0.023448368534445763, 0.0006851279176771641, 0.00044065588735975325, 0.0728754848241806]",CDU/CSU,CDU/CSU
"[0.00035192325594834983, 0.0043633319437503815, 0.09104209393262863, 0.758573055267334, 0.0003267496940679848, 0.1453428417444229]",GRÜNE,GRÜNE
"[0.0012057075509801507, 0.2624298632144928, 0.025910666212439537, 0.04147210717201233, 0.007451061625033617, 0.6615305542945862]",SPD,SPD
"[0.00042814339394681156, 0.6980587840080261, 0.005737613886594772, 0.0014747759560123086, 0.00035655454848892987, 0.29394423961639404]",CDU/CSU,CDU/CSU
"[0.0001843225909397006, 0.9980431199073792, 0.000385466730222106, 0.00028292989009059966, 0.0001854916918091476, 0.000918644480407238]",CDU/CSU,CDU/CSU
"[0.0004748898500110954, 0.10414279997348785, 0.8889839053153992, 0.004610677249729633, 0.00026750797405838966, 0.0015201678033918142]",FDP,FDP
"[0.00040174636524170637, 0.5518414974212646, 0.04981360584497452, 0.012047067284584045, 0.0005221067694947124, 0.3853740096092224]",SPD,CDU/CSU
"[0.0011472447076812387, 0.0015393137000501156, 0.0012238530907779932, 0.17556942999362946, 0.19210250675678253, 0.6284176707267761]",SPD,SPD
"[0.00021641931380145252, 0.00046436209231615067, 0.0032722114119678736, 0.9290475249290466, 0.0002883918641600758, 0.06671109795570374]",GRÜNE,GRÜNE
"[0.0003128725220449269, 0.014840064570307732, 0.027071302756667137, 0.188386470079422, 0.00029402703512459993, 0.7690953016281128]",FDP,SPD
"[0.00029453192837536335, 0.9950288534164429, 0.003764151828363538, 0.00027039024280384183, 0.00018390000332146883, 0.0004581200482789427]",CDU/CSU,CDU/CSU
"[0.0010843632044270635, 0.06248753145337105, 0.1438380777835846, 0.36910125613212585, 0.03325924649834633, 0.3902295231819153]",FDP,SPD
"[0.5613899827003479, 0.005905179772526026, 0.4216056764125824, 0.0032019298523664474, 0.004202269017696381, 0.0036949252244085073]",AfD,AfD
"[0.00022903925855644047, 0.11247240751981735, 0.0444280244410038, 0.40706005692481995, 0.001904859091155231, 0.43390563130378723]",GRÜNE,SPD
"[0.0006917344871908426, 0.687941312789917, 0.2939218282699585, 0.0036695082671940327, 0.00045502310968004167, 0.01332058571279049]",CDU/CSU,CDU/CSU
"[0.0006024071481078863, 0.04021412879228592, 0.111489437520504, 0.5258620977401733, 0.00043165296665392816, 0.3214002847671509]",GRÜNE,GRÜNE
"[0.9984955787658691, 0.00014409664436243474, 0.0003465281624812633, 0.00011679435556288809, 0.0008470113971270621, 4.9995647714240476e-05]",AfD,AfD
"[0.7582729458808899, 0.011940771713852882, 0.22717924416065216, 0.001354310428723693, 0.0008253526757471263, 0.00042734123417176306]",AfD,AfD
"[0.0006435583345592022, 0.8189382553100586, 0.00031911770929582417, 0.0010742922313511372, 0.0008590053766965866, 0.1781657338142395]",CDU/CSU,CDU/CSU
"[0.0005856856005266309, 0.0049682678654789925, 0.3222844898700714, 0.32569053769111633, 0.000308864691760391, 0.3461621403694153]",SPD,SPD
"[0.0002063931169686839, 0.747657299041748, 0.01648695208132267, 0.014841604046523571, 0.00025656138313934207, 0.2205512523651123]",CDU/CSU,CDU/CSU
"[0.00026815824094228446, 0.001099007437005639, 0.008516336791217327, 0.7352757453918457, 0.000246541720116511, 0.25459426641464233]",SPD,GRÜNE
"[0.0005778163904324174, 0.0015001005958765745, 0.0007889418629929423, 0.7629463076591492, 0.00037378561682999134, 0.23381307721138]",GRÜNE,GRÜNE
"[9.730806777952239e-05, 0.0024569688830524683, 0.0005620112642645836, 0.003958168905228376, 0.00015923078171908855, 0.9927663803100586]",SPD,SPD
"[0.0003512947878334671, 0.25751230120658875, 0.0051816049963235855, 0.010699364356696606, 0.0006707072607241571, 0.7255847454071045]",CDU/CSU,SPD
"[0.0016586981946602464, 0.39250078797340393, 0.2411203384399414, 0.08586534112691879, 0.0038330669049173594, 0.2750217616558075]",CDU/CSU,CDU/CSU
"[0.000813133199699223, 0.9387665390968323, 0.009825315326452255, 0.0037359390407800674, 0.00020000871154479682, 0.04665902256965637]",CDU/CSU,CDU/CSU
"[0.00022509398695547134, 0.0019562484230846167, 0.003179495222866535, 0.02754363603889942, 0.00023585961025673896, 0.9668596386909485]",SPD,SPD
"[0.0006703833350911736, 0.5057932734489441, 0.0043022166937589645, 0.0007363362237811089, 0.00036437209928408265, 0.48813343048095703]",CDU/CSU,CDU/CSU
"[0.0005776762845925987, 0.9927482604980469, 0.0004911827272735536, 0.003727986477315426, 0.0009580321493558586, 0.0014967718161642551]",CDU/CSU,CDU/CSU
"[0.26226016879081726, 0.12255009263753891, 0.0544939748942852, 0.034576497972011566, 0.45903757214546204, 0.06708160042762756]",LINKE,LINKE
"[0.00033659220207482576, 0.004478740971535444, 0.00020368571858853102, 0.0023401917424052954, 9.81485063675791e-05, 0.9925426244735718]",SPD,SPD
"[0.0004235497035551816, 0.0006913692923262715, 0.0492151640355587, 0.005755262449383736, 0.0005950724007561803, 0.94331955909729]",SPD,SPD
"[0.00016618303197901696, 0.6041281223297119, 0.014915944077074528, 0.0005039251409471035, 0.00023978987883310765, 0.380046010017395]",SPD,CDU/CSU
"[0.9919307231903076, 0.005421274341642857, 0.0008089991169981658, 0.0004360505845397711, 0.0005942338611930609, 0.0008087159949354827]",AfD,AfD
"[0.006894169840961695, 0.5722487568855286, 0.3262394666671753, 0.011927105486392975, 0.000475254695629701, 0.08221527189016342]",FDP,CDU/CSU
"[0.9974991679191589, 0.0005701626650989056, 0.0005102678551338613, 0.0005682490300387144, 0.0004282925801817328, 0.00042388474685139954]",AfD,AfD
"[0.0004972838796675205, 0.6247982978820801, 0.15172700583934784, 0.02001921273767948, 0.004312072414904833, 0.19864612817764282]",CDU/CSU,CDU/CSU
"[0.0003083785413764417, 0.9872142672538757, 0.0017628570785745978, 0.00035405709058977664, 0.00015109757077880204, 0.0102093406021595]",CDU/CSU,CDU/CSU
"[0.06325404345989227, 0.9084591865539551, 0.0022810325026512146, 0.0006959655438549817, 0.024433093145489693, 0.0008766272803768516]",AfD,CDU/CSU
"[0.00785371009260416, 0.8957352638244629, 0.07378606498241425, 0.0034851557575166225, 0.009011194109916687, 0.010128614492714405]",CDU/CSU,CDU/CSU
"[0.005488923285156488, 0.5192905068397522, 0.0034587907139211893, 0.3595246374607086, 0.025131868198513985, 0.08710523694753647]",GRÜNE,CDU/CSU
"[0.00027249837876297534, 0.9113361835479736, 0.009786057285964489, 0.001849873922765255, 0.0009941511088982224, 0.07576117664575577]",CDU/CSU,CDU/CSU
"[0.0019999730866402388, 0.35817238688468933, 0.1774366945028305, 0.26751500368118286, 0.00963779166340828, 0.18523818254470825]",CDU/CSU,CDU/CSU
"[0.0002964175946544856, 0.9561702609062195, 0.009292435832321644, 0.0028834340628236532, 0.0001451329153496772, 0.031212396919727325]",CDU/CSU,CDU/CSU
"[0.005747860763221979, 0.4949783384799957, 0.49237582087516785, 0.0015835404628887773, 0.00033849591272883117, 0.004975918680429459]",CDU/CSU,CDU/CSU
"[0.00038304744521155953, 0.0019711388740688562, 0.10137070715427399, 0.8813937902450562, 0.0028419364243745804, 0.012039435096085072]",GRÜNE,GRÜNE
"[0.0007102079689502716, 0.16301219165325165, 0.07713783532381058, 0.12503762543201447, 0.004416231531649828, 0.6296859383583069]",SPD,SPD
"[0.0002748595143202692, 0.09639782458543777, 0.00670262798666954, 0.16012057662010193, 0.0023613155353814363, 0.7341428399085999]",SPD,SPD
"[0.0012172169517725706, 0.00785053614526987, 0.010067702271044254, 0.4510335624217987, 0.5290428996086121, 0.0007880807970650494]",LINKE,LINKE
"[0.9987271428108215, 0.000194879510672763, 0.0001690308708930388, 8.975518721854314e-05, 0.000734858913347125, 8.42935114633292e-05]",AfD,AfD
"[0.0014167394256219268, 0.04324279725551605, 0.015781894326210022, 0.41303229331970215, 0.0007066830294206738, 0.5258196592330933]",SPD,SPD
"[0.0021020639687776566, 0.751315712928772, 0.02344083972275257, 0.027645356953144073, 0.0006486502825282514, 0.19484736025333405]",CDU/CSU,CDU/CSU
"[0.00020435061014723033, 0.0006729781161993742, 0.006509572733193636, 0.015414876863360405, 0.976615846157074, 0.0005824276013299823]",LINKE,LINKE
"[0.00021702790400013328, 0.1818741261959076, 0.15337836742401123, 0.2887343466281891, 0.0004529859288595617, 0.37534308433532715]",SPD,SPD
"[0.00031978802871890366, 0.8947120308876038, 0.019951101392507553, 0.0017442397074773908, 0.00011731791164493188, 0.08315552026033401]",CDU/CSU,CDU/CSU
"[0.9941056370735168, 0.0036484047304838896, 0.0017756301676854491, 0.00013333851529750973, 0.00018818891840055585, 0.00014882902905810624]",AfD,AfD
"[0.0001345699274679646, 0.4587779641151428, 0.009697001427412033, 0.27477291226387024, 0.0014003687538206577, 0.25521713495254517]",SPD,CDU/CSU
"[0.0004278219712432474, 0.035273194313049316, 0.03917896747589111, 0.195636585354805, 0.002407828578725457, 0.7270755767822266]",GRÜNE,SPD
"[0.0005810800939798355, 0.002373620867729187, 0.0012604050571098924, 0.40879538655281067, 0.5467797517776489, 0.04020971432328224]",LINKE,LINKE
"[0.0006014354876242578, 0.011976545676589012, 0.9369338154792786, 0.015633657574653625, 0.0001379304303554818, 0.034716591238975525]",FDP,FDP
"[0.0002341955405427143, 0.06668435037136078, 0.08979606628417969, 0.1222384124994278, 0.0001892443688120693, 0.7208576798439026]",SPD,SPD
"[0.00040619142237119377, 0.6922008991241455, 0.1415024995803833, 0.0007680626586079597, 0.0006741201505064964, 0.16444827616214752]",CDU/CSU,CDU/CSU
"[0.0001160512474598363, 0.00011062878184020519, 4.178542076260783e-05, 0.0004633827484212816, 0.9990686774253845, 0.00019954185700044036]",LINKE,LINKE
"[0.0003050006052944809, 0.9531650543212891, 0.0076347277499735355, 0.0006019489374011755, 0.0001301112788496539, 0.038163136690855026]",CDU/CSU,CDU/CSU
"[0.00023864400282036513, 0.018971683457493782, 0.016349460929632187, 0.5516365170478821, 0.00021833780920132995, 0.41258537769317627]",SPD,GRÜNE
"[0.0005542617873288691, 0.17461293935775757, 0.40400347113609314, 0.019268227741122246, 0.0004995809285901487, 0.4010615050792694]",SPD,FDP
"[0.0007524457760155201, 0.005821621045470238, 0.002161961980164051, 0.0025642244145274162, 0.9879974126815796, 0.0007023032521829009]",LINKE,LINKE
"[0.4751438796520233, 0.11156297475099564, 0.397642582654953, 0.0033361203968524933, 0.00041984624112956226, 0.011894630268216133]",AfD,AfD
"[0.0005256152362562716, 0.7797011137008667, 0.007721289061009884, 0.008772679604589939, 0.0006667861598543823, 0.20261254906654358]",CDU/CSU,CDU/CSU
"[0.0021372144110500813, 0.07850602269172668, 0.3496023416519165, 0.22168490290641785, 0.002594602759927511, 0.34547489881515503]",SPD,FDP
"[0.00020727569062728435, 0.013782534748315811, 0.04531067609786987, 0.06660661846399307, 0.00033326499396935105, 0.8737596273422241]",SPD,SPD
"[0.0002612040552776307, 0.0008575832471251488, 0.00013505447714123875, 0.0012914268299937248, 0.0003278498479630798, 0.9971268773078918]",SPD,SPD
"[0.9994621872901917, 0.00014928750169929117, 0.00012841845455113798, 3.959722744184546e-05, 0.0001777243596734479, 4.278312553651631e-05]",AfD,AfD
"[0.0006052398239262402, 0.012701459228992462, 0.07996851950883865, 0.05541791021823883, 0.0004957373603247106, 0.8508111834526062]",SPD,SPD
"[0.00026238878490403295, 0.6456369161605835, 0.058058276772499084, 0.23866479098796844, 0.004063062835484743, 0.053314581513404846]",CDU/CSU,CDU/CSU
"[0.06317500025033951, 0.010582142509520054, 0.6129745244979858, 0.13717341423034668, 0.17486944794654846, 0.0012253968743607402]",FDP,FDP
"[0.001714292448014021, 0.13617348670959473, 0.007265463005751371, 0.033171817660331726, 0.007655900903046131, 0.8140190243721008]",SPD,SPD
"[0.5715166330337524, 0.11210569739341736, 0.16303199529647827, 0.0014046684373170137, 0.13170138001441956, 0.02023967169225216]",FDP,AfD
"[0.0003811860515270382, 0.31886026263237, 0.08190777152776718, 0.018944136798381805, 0.0062525589019060135, 0.573654055595398]",SPD,SPD
"[0.36676326394081116, 0.6252033114433289, 0.005279249511659145, 0.00043400272261351347, 0.0018660631030797958, 0.0004540377703960985]",CDU/CSU,CDU/CSU
"[0.0008969508926384151, 0.7652221918106079, 0.05040450394153595, 0.010835947468876839, 0.0007084070239216089, 0.17193201184272766]",CDU/CSU,CDU/CSU
"[0.00029020773945376277, 0.024917468428611755, 0.016811002045869827, 0.12392251193523407, 0.00022155375336296856, 0.8338372111320496]",SPD,SPD
"[9.611651330487803e-05, 0.00393768772482872, 0.00045579447760246694, 0.005780011881142855, 0.00043620553333312273, 0.9892942309379578]",SPD,SPD
"[0.0002520677517168224, 0.018236424773931503, 0.8341271877288818, 0.007957898080348969, 9.497855353401974e-05, 0.13933147490024567]",FDP,FDP
"[0.0019464525394141674, 0.9648535251617432, 0.0027587523218244314, 0.000797702232375741, 0.0008838034700602293, 0.0287597868591547]",CDU/CSU,CDU/CSU
"[0.0006480658194050193, 0.1344069540500641, 0.0007707899785600603, 0.7627671360969543, 0.000607382389716804, 0.10079969465732574]",GRÜNE,GRÜNE
"[0.2603285312652588, 0.013427137397229671, 0.7234278321266174, 0.0013084865640848875, 0.0008883348200470209, 0.0006196704925969243]",FDP,FDP
"[0.00014616096450481564, 0.015207027085125446, 0.9661596417427063, 0.0016242610290646553, 0.00011408129648771137, 0.016748832538723946]",FDP,FDP
"[0.6738681793212891, 0.1094217300415039, 0.1286650151014328, 0.030484946444630623, 0.004501795396208763, 0.053058262914419174]",AfD,AfD
"[0.00022922859352547675, 0.5116561055183411, 0.06545303016901016, 0.0028438614681363106, 0.00037516187876462936, 0.41944262385368347]",CDU/CSU,CDU/CSU
"[0.0003461067390162498, 0.800628662109375, 0.035626370459795, 0.013172589242458344, 0.009280876256525517, 0.14094538986682892]",CDU/CSU,CDU/CSU
"[0.00025195686612278223, 0.07839901000261307, 0.011646424420177937, 0.1801925152540207, 0.018004359677433968, 0.7115057110786438]",SPD,SPD
"[0.00014298074529506266, 0.0007263123407028615, 0.00041842213249765337, 0.0152420774102211, 0.8634433150291443, 0.12002698332071304]",LINKE,LINKE
"[0.9922658205032349, 0.0017566841561347246, 0.003982482478022575, 0.0007017399184405804, 0.00026982498820871115, 0.0010234143119305372]",AfD,AfD
"[0.9965174794197083, 0.00030621016048826277, 0.002665445441380143, 0.0001315662229899317, 0.00033279103809036314, 4.6418525016633794e-05]",AfD,AfD
"[0.0005826998967677355, 0.06875304132699966, 0.20995517075061798, 0.1571052223443985, 0.005061071831732988, 0.5585428476333618]",FDP,SPD
"[0.8081616759300232, 0.12150316685438156, 0.02168676070868969, 0.0018571426626294851, 0.04594547301530838, 0.0008457693038508296]",AfD,AfD
"[0.0016851474065333605, 0.3837927579879761, 0.6051850914955139, 0.0005621362943202257, 0.005855010822415352, 0.002919896738603711]",FDP,FDP
"[0.0004790465463884175, 0.0005733544821850955, 0.9774935245513916, 0.016269803047180176, 0.0011952754575759172, 0.00398903526365757]",FDP,FDP
"[0.998036801815033, 0.0010337142739444971, 0.0005964325973764062, 5.562187288887799e-05, 0.0002093923685606569, 6.797946844017133e-05]",AfD,AfD
"[0.9990154504776001, 0.00029661698499694467, 0.0001628891914151609, 5.115302337799221e-05, 0.000437884998973459, 3.592482244130224e-05]",AfD,AfD
"[0.04092308133840561, 0.6415152549743652, 0.01720786839723587, 0.07154487073421478, 0.13635137677192688, 0.09245752543210983]",LINKE,CDU/CSU
"[0.0002423604018986225, 0.002893533557653427, 0.00017664201732259244, 0.0007211121264845133, 0.00022531439026352018, 0.9957410097122192]",SPD,SPD
"[0.00017934913921635598, 0.1877085268497467, 0.03168346732854843, 0.0492243766784668, 0.0013830856187269092, 0.7298212647438049]",SPD,SPD
"[0.0002949389163404703, 0.015053155831992626, 0.025535715743899345, 0.9565573930740356, 0.0012531370157375932, 0.0013056972529739141]",GRÜNE,GRÜNE
"[0.6674801707267761, 0.04331927001476288, 0.2664423882961273, 0.021273300051689148, 0.0005507156020030379, 0.0009341359254904091]",GRÜNE,AfD
"[0.00012664616224355996, 0.002580035710707307, 0.0010948358103632927, 0.005680107045918703, 0.00010736448894022033, 0.9904110431671143]",SPD,SPD
"[0.000348952627973631, 0.00022442237241193652, 7.364617340499535e-05, 0.004888225346803665, 0.9935480952262878, 0.0009166782256215811]",LINKE,LINKE
"[0.0012405004817992449, 0.02787749096751213, 0.015599722974002361, 0.9079761505126953, 0.04705217853188515, 0.00025399960577487946]",GRÜNE,GRÜNE
"[0.0002297015889780596, 0.9327231049537659, 0.0011487919837236404, 0.001203852123580873, 0.00048730181879363954, 0.06420721858739853]",CDU/CSU,CDU/CSU
"[0.9993076324462891, 0.0002106025058310479, 0.00020899722585454583, 3.094231215072796e-05, 0.0002082029968732968, 3.365438533364795e-05]",AfD,AfD
"[0.0004436318704392761, 0.674002468585968, 0.08885405957698822, 0.004610758740454912, 0.00028605034458450973, 0.2318030148744583]",CDU/CSU,CDU/CSU
"[0.0010657475795596838, 0.0008175608236342669, 0.0001150175667135045, 0.00038638190017081797, 0.9975638389587402, 5.157265695743263e-05]",LINKE,LINKE
"[0.00015216090832836926, 0.00024126020434778184, 0.00015607384557370096, 0.007439709268510342, 0.9907213449478149, 0.001289438921958208]",GRÜNE,LINKE
"[0.0008864609408192337, 0.8655999898910522, 0.12848474085330963, 0.00031421880703419447, 0.001980917062610388, 0.0027336154598742723]",CDU/CSU,CDU/CSU
"[0.0001562008255859837, 0.14982029795646667, 0.004152805544435978, 0.016740888357162476, 0.0002716087328735739, 0.8288582563400269]",SPD,SPD
"[0.0011684064520522952, 0.1460232436656952, 0.10944648832082748, 0.14817799627780914, 0.27467861771583557, 0.3205052316188812]",SPD,SPD
"[0.00014265596109908074, 0.00015566428191959858, 0.00024784859851934016, 0.0035176370292901993, 0.9958491325378418, 8.705429354449734e-05]",LINKE,LINKE
"[0.00021350318274926394, 0.03967810049653053, 0.05743137374520302, 0.26443997025489807, 0.0004860156332142651, 0.637751042842865]",SPD,SPD
"[0.00033683801302686334, 0.0021701890509575605, 0.001188168185763061, 0.29046741127967834, 0.6748864650726318, 0.03095085918903351]",GRÜNE,LINKE
"[0.00020000302174594253, 0.7896139621734619, 0.04007916525006294, 0.07734617590904236, 0.001239826320670545, 0.09152083098888397]",CDU/CSU,CDU/CSU
"[0.0007413861458189785, 0.8574633598327637, 0.040958113968372345, 0.0006862794980406761, 0.0032006786204874516, 0.09695012867450714]",CDU/CSU,CDU/CSU
"[0.000229235491133295, 0.9001369476318359, 0.02679269015789032, 0.014904076233506203, 0.0001906023535411805, 0.057746514678001404]",CDU/CSU,CDU/CSU
"[0.000999097479507327, 0.20273034274578094, 0.657477080821991, 0.1315254271030426, 0.00353702949360013, 0.0037309464532881975]",FDP,FDP
"[0.9990202188491821, 0.00017500850663054734, 0.000307386857457459, 7.487321272492409e-05, 0.0003409637720324099, 8.160641300491989e-05]",AfD,AfD
"[0.002682107500731945, 0.26617276668548584, 0.6749409437179565, 0.02562175691127777, 0.015123633667826653, 0.01545876357704401]",FDP,FDP
"[0.0003747321025002748, 0.4068712294101715, 0.003690536366775632, 0.0034530572593212128, 0.00023576738021802157, 0.585374653339386]",SPD,SPD
"[0.0003913588880095631, 0.0056485263630747795, 0.0295148603618145, 0.7241690158843994, 0.22143635153770447, 0.018839895725250244]",GRÜNE,GRÜNE
"[0.0008417445351369679, 0.025897763669490814, 0.12267129868268967, 0.7751563787460327, 0.000502837123349309, 0.07492996752262115]",GRÜNE,GRÜNE
"[0.00015551676915492862, 0.05338304117321968, 0.6763928532600403, 0.0018528401851654053, 0.00010743257007561624, 0.2681083083152771]",FDP,FDP
"[0.8070127964019775, 0.18830132484436035, 0.0009911352535709739, 0.00029539407114498317, 0.0030628207605332136, 0.00033653134596534073]",AfD,AfD
"[0.9927231073379517, 0.002675010124221444, 0.0019921627826988697, 0.00041032227454707026, 0.00139376032166183, 0.000805583200417459]",AfD,AfD
"[0.0007061162032186985, 0.06365903466939926, 0.2926523983478546, 0.6116342544555664, 0.0015081878518685699, 0.029839955270290375]",FDP,GRÜNE
"[0.9990387558937073, 0.00042487814789637923, 0.00031551183201372623, 6.756121001672e-05, 0.00010637543891789392, 4.68757061753422e-05]",AfD,AfD
"[0.0008479665848426521, 0.0012594519648700953, 0.3793404996395111, 0.05698701739311218, 0.000357843964593485, 0.5612072348594666]",SPD,SPD
"[0.00011321731290081516, 0.291720986366272, 0.00472409138455987, 0.010792841203510761, 0.0011524049332365394, 0.6914964318275452]",SPD,SPD
"[0.0011174790561199188, 0.5845491886138916, 0.28322216868400574, 0.10277681797742844, 0.0006791104096919298, 0.02765525132417679]",FDP,CDU/CSU
"[0.0027411726769059896, 0.0015604938380420208, 0.08259031921625137, 0.04225246235728264, 0.8700510263442993, 0.0008044885471463203]",LINKE,LINKE
"[0.0006651623407378793, 0.00041912496089935303, 0.0025376235134899616, 0.021096382290124893, 0.9724754095077515, 0.0028062500059604645]",LINKE,LINKE
"[0.0001608679158380255, 0.00011731599079212174, 0.00016053227591328323, 0.0008816266781650484, 0.9985707402229309, 0.00010899736662395298]",LINKE,LINKE
"[0.6186533570289612, 0.26650258898735046, 0.05855937674641609, 0.03185339644551277, 0.02426449954509735, 0.0001668192126089707]",AfD,AfD
"[0.000592919415794313, 0.006196834612637758, 0.04245126247406006, 0.02111562341451645, 0.011801309883594513, 0.9178420305252075]",FDP,SPD
"[0.00017573627701494843, 0.0025751334615051746, 0.06620362401008606, 0.8193846344947815, 0.00035975882201455534, 0.11130116134881973]",GRÜNE,GRÜNE
"[0.00019444077042862773, 0.2750570476055145, 0.6987616419792175, 0.006232474464923143, 0.0011912556365132332, 0.018563132733106613]",FDP,FDP
"[0.004865934606641531, 0.2757205367088318, 0.050192758440971375, 0.09249892830848694, 0.009246076457202435, 0.5674757957458496]",SPD,SPD
"[0.0007910311105661094, 0.005298855248838663, 0.9089296460151672, 0.06474423408508301, 0.01946384273469448, 0.000772364204749465]",GRÜNE,FDP
"[0.00017922651022672653, 7.670888589927927e-05, 3.546453081071377e-05, 0.0004501355579122901, 0.9991167187690735, 0.00014164143067318946]",LINKE,LINKE
"[0.9320459961891174, 0.0029313797131180763, 0.062418386340141296, 0.000998204224742949, 0.00022401857131626457, 0.0013819672167301178]",AfD,AfD
"[0.0005634051631204784, 0.6479964852333069, 0.2528989017009735, 0.011058472096920013, 0.0007742485613562167, 0.08670846372842789]",FDP,CDU/CSU
"[0.02974960207939148, 0.7073025703430176, 0.13260579109191895, 0.04481404647231102, 0.015302629210054874, 0.0702253207564354]",CDU/CSU,CDU/CSU
"[0.002241201465949416, 0.9920088052749634, 0.0023959768004715443, 0.0004346212954260409, 0.0026578279212117195, 0.0002616525744087994]",CDU/CSU,CDU/CSU
"[0.0001110524608520791, 0.0005451416363939643, 0.002461883705109358, 0.03594900295138359, 0.9581625461578369, 0.0027704546228051186]",LINKE,LINKE
"[0.0004971213056705892, 0.2170453816652298, 0.06191687285900116, 0.11954275518655777, 0.0003963186463806778, 0.6006016135215759]",GRÜNE,SPD
"[0.0025442566256970167, 0.6876733303070068, 0.27334558963775635, 0.012066420167684555, 0.000843253917992115, 0.02352716587483883]",CDU/CSU,CDU/CSU
"[0.0004945570253767073, 0.4779554307460785, 0.07122450321912766, 0.3830966353416443, 0.0020325458608567715, 0.06519632041454315]",GRÜNE,CDU/CSU
"[0.9989914894104004, 0.00038576696533709764, 0.0002150291547877714, 6.251078593777493e-05, 0.00021281656518112868, 0.00013240345288068056]",AfD,AfD
"[0.9987679123878479, 0.00013748819765169173, 0.0001583707780810073, 7.378985174000263e-05, 0.0007926595280878246, 6.976442818995565e-05]",AfD,AfD
"[0.8529605865478516, 0.10045186430215836, 0.028166277334094048, 0.006567446514964104, 0.004676661919802427, 0.007177195977419615]",AfD,AfD
"[0.0008789569837972522, 0.36109569668769836, 0.5618500709533691, 0.0018819017568603158, 0.00028161145746707916, 0.07401171326637268]",FDP,FDP
"[0.000464984419522807, 0.8918375968933105, 0.00570264458656311, 0.008977054618299007, 0.0008438156801275909, 0.09217395633459091]",CDU/CSU,CDU/CSU
"[0.3480222821235657, 0.020340200513601303, 0.04651226848363876, 0.013188157230615616, 0.5526527762413025, 0.019284332171082497]",LINKE,LINKE
"[0.000235496016102843, 0.7714860439300537, 0.00508227339014411, 0.004884141497313976, 0.000203054427402094, 0.21810898184776306]",CDU/CSU,CDU/CSU
"[0.00047822404303587973, 0.33487188816070557, 0.01634129323065281, 0.01440617348998785, 0.0010305632604286075, 0.6328719258308411]",SPD,SPD
"[0.0025111851282417774, 0.6193217635154724, 0.22257471084594727, 0.01163594052195549, 0.004133106674998999, 0.1398232877254486]",GRÜNE,CDU/CSU
"[0.10409622639417648, 0.7548871636390686, 0.07235902547836304, 0.0030676096212118864, 0.003543243044987321, 0.06204678490757942]",CDU/CSU,CDU/CSU
"[0.0004043774679303169, 0.8262959718704224, 0.049511779099702835, 0.00536360265687108, 0.00029515422647818923, 0.1181291714310646]",CDU/CSU,CDU/CSU
"[0.036038145422935486, 0.2468518614768982, 0.2926912307739258, 0.00518969539552927, 0.40153008699417114, 0.017699027433991432]",AfD,LINKE
"[0.00021830816695000976, 0.0012962126638740301, 0.0003362041898071766, 0.21290697157382965, 0.7693619728088379, 0.015880383551120758]",LINKE,LINKE
"[0.0001548652653582394, 0.0009238561033271253, 0.9983851909637451, 0.00018939294386655092, 5.7639066653791815e-05, 0.00028900394681841135]",FDP,FDP
"[0.004304499831050634, 0.738261342048645, 0.20844919979572296, 0.0004873256548307836, 0.0010394980199635029, 0.04745811969041824]",CDU/CSU,CDU/CSU
"[0.0008988374611362815, 0.13125497102737427, 0.013169581070542336, 0.016779975965619087, 0.5248318314552307, 0.313064843416214]",LINKE,LINKE
"[0.000812397978734225, 0.3298057019710541, 0.05257555469870567, 0.45374658703804016, 0.08254781365394592, 0.08051196485757828]",GRÜNE,GRÜNE
"[0.00024930984363891184, 0.21975725889205933, 0.020947838202118874, 0.004233744461089373, 0.000397093448555097, 0.7544147372245789]",CDU/CSU,SPD
"[0.00026629710919223726, 0.0004753689281642437, 0.0001068678466253914, 0.00821559689939022, 0.9896994233131409, 0.0012364842696115375]",LINKE,LINKE
"[0.0002837054489646107, 0.002139749936759472, 0.011561732739210129, 0.07874051481485367, 0.8794034123420715, 0.027870910242199898]",LINKE,LINKE
"[0.0008652618853375316, 0.394844651222229, 0.04970497637987137, 0.028968922793865204, 0.45822152495384216, 0.06739464402198792]",LINKE,LINKE
"[0.0006585375522263348, 0.9911099076271057, 0.006577399093657732, 0.0003569405525922775, 0.0003460831067059189, 0.000951131631154567]",CDU/CSU,CDU/CSU
"[0.0008988320478238165, 0.021884124726057053, 0.06389576196670532, 0.9062763452529907, 0.000586232403293252, 0.0064586917869746685]",GRÜNE,GRÜNE
"[0.00019797369895968586, 0.01040982361882925, 0.03511602804064751, 0.0676642432808876, 0.0005509041366167367, 0.8860610127449036]",SPD,SPD
"[0.0002932466450147331, 0.017967451363801956, 0.07485222816467285, 0.07193997502326965, 0.00015880001592449844, 0.8347883224487305]",SPD,SPD
"[0.0004833703569602221, 0.04924849420785904, 0.09898841381072998, 0.3013329803943634, 0.00016760476864874363, 0.5497791767120361]",AfD,SPD
"[0.0008660457096993923, 0.2779235243797302, 0.04694506898522377, 0.43264758586883545, 0.013621635735034943, 0.22799620032310486]",CDU/CSU,GRÜNE
"[0.00030720001086592674, 0.9122331738471985, 0.00757337361574173, 0.0007765123154968023, 0.00028966303216293454, 0.0788201317191124]",CDU/CSU,CDU/CSU
"[0.00028372136875987053, 0.9228531718254089, 0.0033662430942058563, 0.002287378767505288, 0.00020502648840192705, 0.07100444287061691]",CDU/CSU,CDU/CSU
"[0.0017688760999590158, 0.4119125008583069, 0.007394116371870041, 0.10865406692028046, 0.06472818553447723, 0.4055422246456146]",SPD,CDU/CSU
"[0.0003225120308343321, 0.0013194156344980001, 0.0010729486821219325, 0.11523788422346115, 0.0011109047336503863, 0.8809362649917603]",SPD,SPD
"[0.00037671244353987277, 0.2518245279788971, 0.13214057683944702, 0.059657663106918335, 0.00033489055931568146, 0.5556655526161194]",SPD,SPD
"[0.0006037172861397266, 0.5043632388114929, 0.004823580849915743, 0.00072144326986745, 0.001017281785607338, 0.48847079277038574]",CDU/CSU,CDU/CSU
"[0.00022080405324231833, 0.005374204367399216, 0.036830831319093704, 0.25642159581184387, 0.0016461076447740197, 0.6995064616203308]",SPD,SPD
"[0.0002774707681965083, 0.7634943127632141, 0.036623064428567886, 0.030511444434523582, 0.0014730397379025817, 0.16762061417102814]",CDU/CSU,CDU/CSU
"[0.00018362766422796994, 0.16302037239074707, 0.37252792716026306, 0.28755781054496765, 0.0028105168603360653, 0.17389973998069763]",CDU/CSU,FDP
"[0.0003754450590349734, 0.0018410580232739449, 0.015482203103601933, 0.30570849776268005, 0.0005332801374606788, 0.6760594844818115]",SPD,SPD
"[0.00021008870680816472, 0.004254340659826994, 0.0013799367006868124, 0.0007860594196245074, 0.000258125364780426, 0.9931114315986633]",SPD,SPD
"[0.0001373289414914325, 0.0006452587549574673, 0.0026463200338184834, 0.9924376010894775, 0.0027883860748261213, 0.0013451611157506704]",GRÜNE,GRÜNE
"[0.0001751445233821869, 0.1332116723060608, 0.8550388813018799, 0.002679030178114772, 9.969956590794027e-05, 0.00879557617008686]",FDP,FDP
"[0.00027996741118840873, 0.8450902104377747, 0.13124674558639526, 0.006477827671915293, 0.00018472381634637713, 0.01672041229903698]",CDU/CSU,CDU/CSU
"[0.0004769556107930839, 0.0017591840587556362, 0.02571607381105423, 0.9647324681282043, 0.000152571068610996, 0.007162817288190126]",GRÜNE,GRÜNE
"[0.0002278108731843531, 0.04807937145233154, 0.014699761755764484, 0.22979450225830078, 0.003580073593184352, 0.7036184668540955]",SPD,SPD
"[0.00014980554988142103, 0.004481780342757702, 0.006638212129473686, 0.179374098777771, 0.000733060878701508, 0.8086230754852295]",SPD,SPD
"[0.02467852644622326, 0.41133585572242737, 0.09051305055618286, 0.0031962816137820482, 0.40495869517326355, 0.06531757116317749]",AfD,CDU/CSU
"[0.00023452620371244848, 0.9585884213447571, 0.011634341441094875, 0.00033241009805351496, 0.00020411700825206935, 0.029006212949752808]",CDU/CSU,CDU/CSU
"[0.0039208936505019665, 0.2545310854911804, 0.03640943765640259, 0.07895474135875702, 0.06221672147512436, 0.5639671087265015]",SPD,SPD
"[0.0005422422545962036, 0.012320051901042461, 0.11287319660186768, 0.8696518540382385, 0.001925596036016941, 0.0026870269794017076]",GRÜNE,GRÜNE
"[0.00018177655874751508, 0.0010071364231407642, 0.9982329607009888, 0.00025712334900163114, 0.00016749351925682276, 0.00015342723054345697]",FDP,FDP
"[0.00018188379181083292, 0.9497128129005432, 0.01268893014639616, 0.0035895779728889465, 0.001010511419735849, 0.03281629830598831]",GRÜNE,CDU/CSU
"[0.9967478513717651, 0.002427640138193965, 0.00024751515593379736, 4.723909660242498e-05, 0.000427667866460979, 0.0001021769639919512]",AfD,AfD
"[0.0003863627789542079, 0.47730791568756104, 0.09233883023262024, 0.402324914932251, 0.0013775875559076667, 0.026264352723956108]",CDU/CSU,CDU/CSU
"[0.014535203576087952, 0.3919321298599243, 0.08745159953832626, 0.45456936955451965, 0.03967709466814995, 0.011834647506475449]",CDU/CSU,GRÜNE
"[0.9988727569580078, 0.0005466394941322505, 0.00027620038599707186, 5.136568870511837e-05, 0.00015381805133074522, 9.913155372487381e-05]",AfD,AfD
"[0.0002175272675231099, 0.0035799548495560884, 0.060432203114032745, 0.7177572846412659, 0.0008129613706842065, 0.21720008552074432]",SPD,GRÜNE
"[0.000966138846706599, 0.3628213107585907, 0.013059268705546856, 0.023073190823197365, 0.5649656653404236, 0.03511442616581917]",CDU/CSU,LINKE
"[0.00023185601457953453, 0.39675173163414, 0.01166154071688652, 0.5827305912971497, 0.0031414448749274015, 0.005482797976583242]",CDU/CSU,GRÜNE
"[0.0005046465084888041, 0.005866704974323511, 0.00581502728164196, 0.4180028438568115, 0.01666109822690487, 0.5531496405601501]",GRÜNE,SPD
"[0.006893775891512632, 0.18874357640743256, 0.6304545402526855, 0.026429757475852966, 0.005630346946418285, 0.14184796810150146]",FDP,FDP
"[0.00034226541174575686, 0.001900422153994441, 0.03149012476205826, 0.7645076513290405, 0.00018526939675211906, 0.20157428085803986]",GRÜNE,GRÜNE
"[0.00034543208312243223, 0.13550885021686554, 0.011647902429103851, 0.006472303066402674, 0.00019828285439871252, 0.8458272218704224]",SPD,SPD
"[0.0028214501217007637, 0.888816773891449, 0.08732256293296814, 0.006057640537619591, 0.0005379009526222944, 0.014443701133131981]",CDU/CSU,CDU/CSU
"[0.0002200574817834422, 0.0036949452478438616, 0.0018238102784380317, 0.9465963244438171, 0.00022351568622980267, 0.04744139313697815]",GRÜNE,GRÜNE
"[0.001972625032067299, 0.9026561975479126, 0.0038246791809797287, 0.024113774299621582, 0.00036312153679318726, 0.06706970185041428]",SPD,CDU/CSU
"[0.0008982601575553417, 0.46088048815727234, 0.4149179756641388, 0.018723925575613976, 0.00477982684969902, 0.0997995138168335]",FDP,CDU/CSU
"[0.9966906309127808, 0.0015037119155749679, 0.0014228795189410448, 5.249055539024994e-05, 0.00015670784341637045, 0.00017345977539662272]",AfD,AfD
"[0.0011478455271571875, 0.8141783475875854, 0.11617633700370789, 0.0648212879896164, 0.0028957249596714973, 0.0007803908083587885]",CDU/CSU,CDU/CSU
"[0.000646177853923291, 0.0178073737770319, 0.02388395369052887, 0.95610111951828, 0.0004411808622535318, 0.001120245666243136]",GRÜNE,GRÜNE
"[0.0005280032637529075, 0.9696879386901855, 0.027759427204728127, 0.0006462616729550064, 0.00033468357287347317, 0.0010437428718432784]",CDU/CSU,CDU/CSU
"[0.0004995304043404758, 0.558437705039978, 0.437381386756897, 0.001162498607300222, 0.000578974315430969, 0.0019399337470531464]",CDU/CSU,CDU/CSU
"[0.00018618680769577622, 0.9186708927154541, 0.0022377704735845327, 0.0006024787435308099, 0.00034140251227654517, 0.0779612809419632]",CDU/CSU,CDU/CSU
"[0.0001503898238297552, 0.015448230318725109, 0.009716847911477089, 0.9566370844841003, 0.0004024531808681786, 0.017644956707954407]",GRÜNE,GRÜNE
"[0.0005746969836764038, 0.0031354783568531275, 0.21241846680641174, 0.5156933069229126, 0.0006214581080712378, 0.2675565481185913]",GRÜNE,GRÜNE
"[0.0006426630425266922, 0.8819506168365479, 0.10624709725379944, 0.0015180004993453622, 0.0002545820898376405, 0.009387064725160599]",FDP,CDU/CSU
"[0.8005802035331726, 0.07003234326839447, 0.12770210206508636, 0.0004188574675936252, 0.0004928946727886796, 0.0007735047256574035]",AfD,AfD
"[0.9926993250846863, 0.000676932162605226, 0.005858211312443018, 0.00023327757662627846, 0.00033906433964148164, 0.00019318627892062068]",AfD,AfD
"[0.00013710345956496894, 9.000249701784924e-05, 0.00010584192932583392, 0.0025668207090348005, 0.9968318343162537, 0.00026830448769032955]",LINKE,LINKE
"[0.0003313996421638876, 0.025146422907710075, 0.0005445852293632925, 0.02665642648935318, 0.0006396591197699308, 0.9466814994812012]",GRÜNE,SPD
"[0.0003526634245645255, 0.00633499538525939, 0.051537591964006424, 0.666909396648407, 0.02223864756524563, 0.25262680649757385]",LINKE,GRÜNE
"[0.04002362862229347, 0.05851014330983162, 0.0447775274515152, 0.14207197725772858, 0.1645122766494751, 0.5501044988632202]",SPD,SPD
"[0.005187215283513069, 0.11914882808923721, 0.014621810056269169, 0.001660070032812655, 0.8576609492301941, 0.0017211837694048882]",LINKE,LINKE
"[0.00035376500454731286, 0.24190407991409302, 0.10937248915433884, 0.2676783502101898, 0.0008780313073657453, 0.3798132836818695]",SPD,SPD
"[0.6440977454185486, 0.002360490383580327, 0.018702590838074684, 0.0033259259071201086, 0.33119362592697144, 0.0003196720499545336]",AfD,AfD
"[0.00039545862819068134, 0.0155383525416255, 0.006320353597402573, 0.8692261576652527, 0.09554482251405716, 0.012974858283996582]",GRÜNE,GRÜNE
"[0.00037928979145362973, 0.027854572981595993, 0.6055581569671631, 0.033821314573287964, 0.0012632455909624696, 0.331123411655426]",FDP,FDP
"[0.0015095588751137257, 0.3012438416481018, 0.6719682812690735, 0.015169665217399597, 0.008543001487851143, 0.0015656874747946858]",FDP,FDP
"[0.00010830867540789768, 0.006635332014411688, 0.7237202525138855, 0.11785703897476196, 0.0005597307463176548, 0.15111932158470154]",FDP,FDP
"[0.0003849029017146677, 0.027379170060157776, 0.03863012418150902, 0.11922237277030945, 0.00023758510360494256, 0.8141458630561829]",SPD,SPD
"[0.0004097650235053152, 0.0063122534193098545, 0.0008882354013621807, 0.31974324584007263, 0.6598899364471436, 0.012756590731441975]",LINKE,LINKE
"[0.9334266185760498, 0.009278049692511559, 0.018827321007847786, 0.004668721929192543, 0.0018461627187207341, 0.03195318579673767]",AfD,AfD
"[0.0001630256010685116, 0.0809168890118599, 0.02991030365228653, 0.619586706161499, 0.0004784742195624858, 0.26894453167915344]",GRÜNE,GRÜNE
"[0.00020632287487387657, 0.36439982056617737, 0.6118257641792297, 0.00029676061240024865, 0.0001801916369004175, 0.023091165348887444]",CDU/CSU,FDP
"[0.0002126133331330493, 0.8941993713378906, 0.0035504749976098537, 0.0014829912688583136, 0.00018358108354732394, 0.10037095844745636]",CDU/CSU,CDU/CSU
"[0.00011085192818427458, 0.0006120031466707587, 0.9986997842788696, 0.00020031386520713568, 0.00011209976219106466, 0.00026495131896808743]",FDP,FDP
"[0.0005755283636972308, 0.2643221914768219, 0.03728126361966133, 0.31186941266059875, 0.0009198887855745852, 0.38503167033195496]",SPD,SPD
"[0.00029454907053150237, 0.0001319540897384286, 4.7177043597912416e-05, 0.00041794416029006243, 0.9989762902259827, 0.00013213776401244104]",LINKE,LINKE
"[0.00029951363103464246, 0.05263336002826691, 0.002056822879239917, 0.2141486257314682, 0.0007241310668177903, 0.7301374673843384]",SPD,SPD
"[0.002083446132019162, 0.22382932901382446, 0.43654680252075195, 0.23892289400100708, 0.09536084532737732, 0.0032566916197538376]",FDP,FDP
"[0.0017852167366072536, 0.4964908957481384, 0.1580154150724411, 0.018805252388119698, 0.13510216772556305, 0.18980100750923157]",CDU/CSU,CDU/CSU
"[0.0002879004750866443, 0.003719765692949295, 0.0002844534465111792, 0.014571922831237316, 0.00026569535839371383, 0.980870246887207]",SPD,SPD
"[0.0032834222074598074, 0.5918313264846802, 0.06880532205104828, 0.027072399854660034, 0.005226443987339735, 0.30378109216690063]",SPD,CDU/CSU
"[0.00044259551214054227, 0.7300397157669067, 0.016055813059210777, 0.014061138033866882, 0.0004683667793869972, 0.23893237113952637]",CDU/CSU,CDU/CSU
"[0.00042285496601834893, 0.2809649109840393, 0.08547726273536682, 0.014869107864797115, 0.00016707844042684883, 0.6180988550186157]",SPD,SPD
"[0.006169822998344898, 0.2898256480693817, 0.28063446283340454, 0.03995821252465248, 0.19072307646274567, 0.19268880784511566]",LINKE,CDU/CSU
"[0.0018168882234022021, 0.02865993231534958, 0.01557287946343422, 0.12665492296218872, 0.007003163453191519, 0.8202922940254211]",SPD,SPD
"[0.00033626920776441693, 0.1172899454832077, 0.16784608364105225, 0.052970074117183685, 0.0015917662531137466, 0.6599658131599426]",SPD,SPD
"[0.00031909585231915116, 0.9201502799987793, 0.0026024007238447666, 0.00027943571330979466, 0.0003449990472290665, 0.07630373537540436]",CDU/CSU,CDU/CSU
